1.000000000000000000e+00 1.370918000000000081e+00 5.000000000000000278e-02
2.000000000000000000e+00 1.362443999999999988e+00 5.000000000000000278e-02
3.000000000000000000e+00 1.362443999999999988e+00 5.000000000000000278e-02
4.000000000000000000e+00 1.362443999999999988e+00 5.000000000000000278e-02
5.000000000000000000e+00 1.362443999999999988e+00 5.000000000000000278e-02
6.000000000000000000e+00 1.362443999999999988e+00 5.000000000000000278e-02
1.000000000000000000e+00 4.750985999999999820e-01 5.000000000000000278e-02
1.000000000000000000e+00 6.360242000000000395e-01 5.000000000000000278e-02
1.000000000000000000e+00 7.969498000000000415e-01 5.000000000000000278e-02
2.000000000000000000e+00 2.567204999999999834e-02 5.000000000000000278e-02
2.000000000000000000e+00 2.113347999999999893e-01 5.000000000000000278e-02
2.000000000000000000e+00 3.969975000000000032e-01 5.000000000000000278e-02
7.000000000000000000e+00 2.567204999999999834e-02 5.000000000000000278e-02
7.000000000000000000e+00 2.113347999999999893e-01 5.000000000000000278e-02
7.000000000000000000e+00 3.969975000000000032e-01 5.000000000000000278e-02
8.000000000000000000e+00 4.774513000000000229e-01 5.000000000000000278e-02
8.000000000000000000e+00 6.631139999999999812e-01 5.000000000000000278e-02
8.000000000000000000e+00 8.487767999999999979e-01 5.000000000000000278e-02
