2.377780000000000171e-02
-2.223070000000000167e-03
2.832400000000000212e-20
2.217349999999999877e-02
-1.861510000000000031e-03
3.092329999999999924e-20
2.064130000000000131e-02
-1.535520000000000071e-03
-5.690120000000000070e-20
2.004270000000000010e-02
-1.067339999999999955e-03
0.000000000000000000e+00
1.967539999999999914e-02
-6.517269999999999487e-04
2.281069999999999962e-20
1.931189999999999990e-02
2.832950000000000041e-05
-1.391209999999999991e-19
-1.478689999999999952e-03
1.309829999999999892e-03
0.000000000000000000e+00
1.747450000000000002e-03
-2.623769999999999987e-04
3.898129999999999916e-21
1.054180000000000048e-02
-2.600780000000000019e-03
-6.304799999999999763e-19
-2.204020000000000111e-03
1.768479999999999965e-06
0.000000000000000000e+00
-3.451789999999999828e-04
-5.936749999999999970e-04
-2.479369999999999949e-20
2.677530000000000014e-03
-1.255789999999999901e-03
6.579139999999999837e-20
3.960810000000000372e-03
1.914709999999999969e-04
-3.225880000000000063e-21
6.996569999999999699e-03
8.288559999999999938e-04
5.577849999999999848e-20
8.822860000000000077e-03
1.175159999999999963e-03
-1.075850000000000014e-19
7.751469999999999888e-03
5.308890000000000137e-03
6.779370000000000119e-19
1.080060000000000048e-02
6.981270000000000357e-03
0.000000000000000000e+00
1.438850000000000025e-02
6.922890000000000120e-03
-1.048649999999999977e-20
