0.000000000000000000e+00
7.548651287775520746e-01
-1.027302829323661548e+01
-2.435987952639439058e+01
-3.946358420860738647e+01
-5.452067537052494828e+01
-6.882251018860057457e+01
-8.183857768129567489e+01
-9.314762182074258590e+01
-1.024059924221486426e+02
-1.093316466725293026e+02
-1.136955989727014469e+02
-1.153172160477754460e+02
-1.140615997078339774e+02
-1.098381278942688368e+02
-1.025996298386613148e+02
-9.234188362776841075e+01
-7.910324255180260877e+01
-6.296426565963481181e+01
-4.404727022569870343e+01
-2.251575087500238226e+01
1.426371845934358173e+00
2.753569811891825125e+01
5.553050630638811214e+01
8.509212995368878296e+01
1.158665577656635008e+02
1.455967108656207074e+02
1.740298498739547597e+02
2.009153562831555746e+02
2.260041209260815265e+02
2.490471393635928621e+02
2.697929739407729244e+02
2.879835224483069851e+02
3.033471227326838289e+02
3.155872021546348378e+02
3.243628949228157694e+02
3.292536986712883618e+02
3.296878381373756497e+02
3.247692279753022717e+02
3.126934318119754721e+02
2.853572907851978471e+02
2.512047448895689001e+02
2.138057857810702558e+02
1.755723952970762411e+02
1.383457220714374500e+02
1.035930992361749929e+02
7.249426031225689826e+01
4.598362791872952471e+01
2.477118563799545825e+01
9.350870455028013950e+00
0.000000000000000000e+00
