/*--------------------------------*- C++ -*----------------------------------*\
| =========                 |                                                 |
| \\      /  F ield         | OpenFOAM: The Open Source CFD Toolbox           |
|  \\    /   O peration     | Version:  2.3.x                                 |
|   \\  /    A nd           | Web:      www.OpenFOAM.org                      |
|    \\/     M anipulation  |                                                 |
\*---------------------------------------------------------------------------*/
FoamFile
{
    version     2.0;
    format      ascii;
    class       volVectorField;
    location    "3000";
    object      U;
}
// * * * * * * * * * * * * * * * * * * * * * * * * * * * * * * * * * * * * * //

dimensions      [0 1 -1 0 0 0 0];

internalField   nonuniform List<vector> 
1500
(
(0.00497457 -0.000220609 -5.57475e-24)
(0.00409606 -0.00129819 5.57729e-24)
(0.000330621 -0.000578527 0)
(-0.00134475 0.000730521 1.29476e-18)
(-0.00118838 0.000840011 0)
(-0.00104748 0.000763204 -2.29023e-21)
(-0.00116165 0.000842223 -2.48495e-18)
(-0.00123215 0.00085469 0)
(-0.00133266 0.000780231 -3.06918e-18)
(-0.00144484 0.00059697 1.5651e-18)
(-0.00156037 0.000329919 1.48676e-18)
(-0.00157661 3.77873e-05 -1.82323e-19)
(-0.00132097 -1.62395e-05 0)
(-0.000829294 -3.13262e-05 0)
(-0.000220951 -3.574e-05 0)
(0.000272532 -2.62581e-05 -3.89628e-22)
(0.000641112 -2.34169e-05 0)
(0.0149283 -0.000426098 0)
(0.0120525 -0.0033493 0)
(0.00427256 -0.00258345 -1.55653e-19)
(-0.000705133 0.000628963 -9.29397e-19)
(-0.00150965 0.00124985 1.07962e-18)
(-0.00148577 0.00117858 -1.12269e-18)
(-0.00178796 0.00138807 1.34285e-18)
(-0.00197887 0.00144748 1.52368e-21)
(-0.00212852 0.00129819 1.60787e-18)
(-0.00222085 0.000945392 -7.86865e-19)
(-0.00226618 0.000485842 7.11145e-19)
(-0.00211256 3.18901e-05 3.98292e-20)
(-0.0016072 -4.57368e-05 9.54405e-22)
(-0.000912673 -5.64406e-05 3.0331e-21)
(-0.000198036 -4.88019e-05 0)
(0.000337575 -3.81397e-05 -6.06119e-22)
(0.00081421 -3.50964e-05 1.33573e-21)
(0.0207074 -0.000514464 0)
(0.0173479 -0.00446044 1.5739e-19)
(0.00817463 -0.00451808 9.03721e-20)
(0.000807996 -0.000308665 2.88285e-22)
(-0.0012337 0.00110659 -6.3809e-19)
(-0.00147664 0.00120147 -3.0091e-22)
(-0.00187624 0.00148707 -1.48772e-18)
(-0.00213523 0.00158275 7.83985e-22)
(-0.0023162 0.00142481 -1.74487e-18)
(-0.00240964 0.0010296 0)
(-0.00242705 0.000510947 -4.03355e-19)
(-0.00220402 1.76848e-06 0)
(-0.00162116 -9.66881e-05 0)
(-0.000875118 -0.000113049 -1.57092e-21)
(-0.000130358 -0.000101385 -1.47548e-21)
(0.000439507 -8.066e-05 3.83209e-22)
(0.000983581 -7.53987e-05 -3.04481e-21)
(0.0229982 -0.000503205 -1.84856e-21)
(0.020029 -0.00482315 -9.16127e-20)
(0.0110798 -0.00570627 -2.67226e-20)
(0.00268818 -0.0013668 2.80734e-22)
(-0.000567779 0.000732604 -2.03718e-22)
(-0.00125184 0.00108291 1.04191e-21)
(-0.0017676 0.00144938 5.54285e-19)
(-0.00209738 0.00158495 0)
(-0.00231361 0.00143773 1.2661e-18)
(-0.00241537 0.00103283 1.23399e-21)
(-0.00241436 0.000489353 3.0256e-19)
(-0.0021447 -4.82903e-05 2.30672e-21)
(-0.00152231 -0.000168774 -9.45212e-22)
(-0.000760285 -0.000190925 0)
(-6.77419e-06 -0.000170599 7.23862e-22)
(0.000591184 -0.00013944 7.30305e-22)
(0.00118344 -0.000133125 1.79429e-21)
(0.024045 -0.000412507 1.1832e-21)
(0.0215185 -0.00471463 1.82593e-24)
(0.0133876 -0.00624592 2.35577e-20)
(0.00493769 -0.00242907 -3.22578e-19)
(0.000601271 0.000131492 -9.52303e-22)
(-0.000756733 0.000828154 8.84868e-22)
(-0.00147869 0.00130983 0)
(-0.00191455 0.00150305 5.24849e-19)
(-0.00218197 0.00138128 -5.51896e-19)
(-0.0022974 0.000982555 2.24139e-21)
(-0.00227889 0.000429911 -2.7082e-19)
(-0.00196643 -0.000123273 0)
(-0.00131762 -0.000266836 1.80203e-21)
(-0.000556554 -0.000293063 5.09632e-21)
(0.000193467 -0.000261252 1.52676e-21)
(0.00081243 -0.000219123 -1.4873e-21)
(0.0014392 -0.000211954 0)
(0.0246764 -0.000284998 6.20098e-25)
(0.022519 -0.00436315 -6.44363e-21)
(0.0153655 -0.00632972 -3.80742e-21)
(0.00743305 -0.00336739 2.76825e-19)
(0.00236615 -0.000673068 1.09812e-21)
(0.000178484 0.00038869 -1.76733e-21)
(-0.000923396 0.0010425 4.95275e-19)
(-0.00154194 0.00132541 -1.01851e-18)
(-0.00189609 0.0012501 4.19993e-21)
(-0.00203786 0.000873652 -8.42771e-21)
(-0.00200342 0.000325883 -1.54232e-22)
(-0.00164755 -0.000230108 3.87638e-21)
(-0.000980213 -0.000395785 0)
(-0.000232945 -0.000423352 -1.01557e-20)
(0.000501115 -0.000378294 1.48793e-21)
(0.00113189 -0.000324892 -4.70046e-23)
(0.00177998 -0.000316117 1.67565e-21)
(0.0251467 -0.000133694 9.52059e-24)
(0.0233049 -0.00386899 5.13825e-21)
(0.0171685 -0.00608823 0)
(0.0100538 -0.00407567 0)
(0.00472838 -0.00159221 -3.94808e-19)
(0.00174745 -0.000262377 3.89813e-21)
(8.12046e-05 0.000593977 -5.15943e-19)
(-0.000864215 0.00101509 -3.66856e-21)
(-0.00137901 0.00101875 -4.44161e-21)
(-0.00157816 0.000686206 8.37655e-21)
(-0.00153603 0.000161034 0)
(-0.00113644 -0.000380948 2.37405e-20)
(-0.000459396 -0.000563886 6.89166e-21)
(0.000258652 -0.000587677 -1.73554e-20)
(0.000961685 -0.000528311 3.25076e-21)
(0.00159109 -0.000463318 -6.57992e-21)
(0.00224597 -0.000451136 -3.41708e-21)
(0.0255482 3.39791e-05 -1.67876e-23)
(0.023988 -0.00328377 1.82953e-23)
(0.0188693 -0.00559955 -2.00084e-22)
(0.0127066 -0.00448657 -6.87799e-22)
(0.00756927 -0.00247333 6.9472e-19)
(0.00406801 -0.0010775 -4.54866e-19)
(0.00178187 -7.2551e-05 3.84569e-21)
(0.000345871 0.000516699 8.28732e-21)
(-0.000473724 0.00064673 2.68227e-19)
(-0.000802702 0.000388298 -2.80537e-19)
(-0.000781203 -8.95848e-05 0)
(-0.000345179 -0.000593675 -2.47937e-20)
(0.000324927 -0.000780338 -3.65494e-20)
(0.000984862 -0.000791473 -7.30317e-21)
(0.00164311 -0.000717534 1.39212e-20)
(0.0022503 -0.0006404 1.07653e-22)
(0.00289512 -0.000622 3.51751e-21)
(0.0259232 0.000215058 0)
(0.0246226 -0.00264415 0)
(0.0204953 -0.0049188 -1.89842e-22)
(0.015325 -0.00457415 -1.64719e-19)
(0.0106906 -0.00315634 -5.75178e-19)
(0.00708265 -0.00191803 7.78354e-19)
(0.00435076 -0.000905038 -7.99024e-21)
(0.00237852 -0.000197519 1.07406e-18)
(0.00111605 8.48235e-05 -5.98442e-19)
(0.000509107 -5.59401e-05 3.24399e-19)
(0.000427573 -0.000455133 0)
(0.000864635 -0.000885468 0)
(0.00147524 -0.00104923 3.00364e-20)
(0.00205316 -0.00103887 -2.76468e-22)
(0.0026417 -0.00095029 1.41665e-20)
(0.00319645 -0.000859753 7.21734e-21)
(0.00381084 -0.00083154 7.31863e-21)
(0.0262943 0.000406537 0)
(0.0252387 -0.00198667 6.49403e-23)
(0.0220466 -0.00409901 3.03056e-22)
(0.0178588 -0.00434692 2.75274e-19)
(0.0138915 -0.00353174 4.59074e-19)
(0.0105418 -0.00260078 -6.3048e-19)
(0.00772771 -0.00174271 3.89057e-19)
(0.00541868 -0.00104593 -4.52617e-19)
(0.00371512 -0.000658951 2.58114e-19)
(0.00270682 -0.000660949 0)
(0.00235196 -0.000935966 0)
(0.00267753 -0.00125579 6.57914e-20)
(0.00316099 -0.00136912 3.03074e-20)
(0.00361294 -0.001328 -7.28447e-20)
(0.00408999 -0.00122376 -4.59269e-22)
(0.0045511 -0.00111874 1.39582e-20)
(0.00510946 -0.00107703 -2.8448e-20)
(0.026675 0.000600692 1.02439e-20)
(0.0258553 -0.00135039 2.15846e-20)
(0.0235072 -0.00320311 7.35505e-22)
(0.0202618 -0.00384304 -1.81295e-19)
(0.0170196 -0.00355842 -8.88208e-20)
(0.0141376 -0.00298941 3.67714e-19)
(0.0115749 -0.00238323 -2.99031e-19)
(0.00929271 -0.00182748 0)
(0.00740563 -0.00144039 0)
(0.00607052 -0.00133184 5.87748e-20)
(0.00530681 -0.00146853 -2.87497e-20)
(0.00534861 -0.00166615 -2.79305e-20)
(0.00559688 -0.00171165 2.79205e-20)
(0.00585103 -0.00163736 4.44871e-22)
(0.00615644 -0.00151895 0)
(0.00647161 -0.00140127 -4.03125e-20)
(0.00694143 -0.00134362 3.93577e-20)
(0.0270771 0.000779373 -9.04017e-21)
(0.0264875 -0.000774069 -1.98105e-20)
(0.0248597 -0.00230689 -4.59388e-20)
(0.0224853 -0.00313349 5.05023e-20)
(0.0199692 -0.00325447 -6.21604e-20)
(0.0176313 -0.00303185 -9.12969e-20)
(0.0154921 -0.00269686 1.53033e-20)
(0.0135167 -0.00234212 -1.90656e-19)
(0.0117764 -0.00204452 -1.10087e-19)
(0.010399 -0.00188888 1.66119e-19)
(0.00945098 -0.00191039 0)
(0.00906018 -0.0019868 1.13396e-21)
(0.00896336 -0.00198565 -4.52633e-20)
(0.00894168 -0.00190262 -9.37259e-20)
(0.00901139 -0.00178566 9.29056e-20)
(0.00912551 -0.00166603 1.28824e-20)
(0.00946895 -0.0015937 -6.82065e-20)
(0.0275205 0.000911543 0)
(0.0271511 -0.00029343 -3.65909e-22)
(0.0261022 -0.00149137 4.10367e-20)
(0.0244872 -0.00232468 -6.56206e-21)
(0.0226602 -0.00269262 6.89005e-21)
(0.0208739 -0.00274936 0)
(0.0191998 -0.00265669 2.08776e-20)
(0.0176354 -0.00250011 1.15507e-19)
(0.0162182 -0.00232898 2.28472e-21)
(0.0150216 -0.00218921 -1.68003e-19)
(0.0141185 -0.00211365 0)
(0.0135119 -0.00208639 -1.38806e-19)
(0.0131376 -0.00207044 1.05377e-19)
(0.0128648 -0.0020202 3.80101e-20)
(0.0126968 -0.00193698 -7.1944e-20)
(0.0125908 -0.00183788 -3.6402e-20)
(0.0127802 -0.00175777 3.67457e-20)
(0.0280465 0.000957993 -1.4304e-20)
(0.0278721 5.95893e-05 1.50789e-21)
(0.0272638 -0.00082639 2.88308e-21)
(0.0262609 -0.00154215 4.50328e-20)
(0.0250429 -0.00199491 0)
(0.0237778 -0.00222307 2.8324e-20)
(0.0225532 -0.00230961 -2.90658e-20)
(0.021398 -0.00231483 -9.9715e-20)
(0.020337 -0.00227071 1.76844e-19)
(0.0194073 -0.00219827 0)
(0.0186476 -0.00211006 -8.61237e-20)
(0.0181184 -0.00202704 4.29169e-20)
(0.0176595 -0.00197554 1.21797e-19)
(0.0172512 -0.00193831 2.60673e-20)
(0.0169277 -0.00189471 8.14604e-20)
(0.0166595 -0.00183343 -4.04061e-20)
(0.0167039 -0.00175522 -2.70566e-20)
(0.0287213 0.000886872 1.09069e-20)
(0.0286974 0.000256036 0)
(0.0284101 -0.000365251 -5.56602e-21)
(0.027861 -0.000913398 -1.23777e-20)
(0.0271299 -0.00133131 0)
(0.0263143 -0.0016129 0)
(0.0254907 -0.00178761 0)
(0.0246996 -0.00188938 1.47427e-19)
(0.023958 -0.00193944 -1.00673e-19)
(0.023278 -0.00194822 5.41047e-20)
(0.0226721 -0.00192043 0)
(0.0221735 -0.00186151 3.09233e-20)
(0.0217373 -0.00179354 6.78772e-20)
(0.0213591 -0.00172914 -5.2806e-20)
(0.0210224 -0.00167109 -7.66856e-20)
(0.0206953 -0.00161387 1.47277e-19)
(0.0206413 -0.00153552 -5.69012e-20)
(0.000970941 -1.83816e-05 0)
(0.00122956 -1.39126e-05 0)
(0.00145744 -1.06122e-05 0)
(0.00164479 -7.9995e-06 0)
(0.00180143 -5.9756e-06 0)
(0.0019294 -4.40677e-06 0)
(0.00203319 -3.198e-06 -1.20899e-22)
(0.00211586 -2.27949e-06 1.26429e-22)
(0.0021803 -1.59271e-06 1.34173e-22)
(0.00222889 -1.09481e-06 -1.38822e-22)
(0.00226341 -7.47484e-07 0)
(0.00228553 -5.31937e-07 -6.04209e-22)
(0.00229548 -4.0664e-07 6.18565e-22)
(0.0022957 -4.22292e-07 0)
(0.00228117 -3.84124e-07 0)
(0.002263 -6.41157e-07 0)
(0.00128757 -3.24729e-05 0)
(0.00169515 -2.93303e-05 0)
(0.00208238 -2.63374e-05 0)
(0.00243049 -2.32261e-05 0)
(0.00274816 -2.03269e-05 0)
(0.00303404 -1.76246e-05 -2.09301e-22)
(0.00329087 -1.51513e-05 2.24341e-22)
(0.00351997 -1.28932e-05 0)
(0.00372294 -1.08294e-05 0)
(0.00390102 -8.92868e-06 2.78737e-22)
(0.00405492 -7.15312e-06 -2.92992e-22)
(0.00418545 -5.45881e-06 -6.25045e-22)
(0.0042911 -3.78807e-06 6.52229e-22)
(0.00437395 -2.10602e-06 0)
(0.0044228 -1.73689e-07 -1.44317e-21)
(0.00445644 1.55726e-06 2.99732e-21)
(0.00151995 -6.97945e-05 6.1997e-22)
(0.0019874 -6.3276e-05 -6.78889e-22)
(0.00243379 -5.76863e-05 3.79641e-22)
(0.00283992 -5.18726e-05 -4.05772e-22)
(0.00321448 -4.65389e-05 0)
(0.00355596 -4.15016e-05 0)
(0.00386699 -3.68348e-05 0)
(0.00414877 -3.24852e-05 0)
(0.00440272 -2.8414e-05 0)
(0.00462992 -2.45536e-05 0)
(0.00483079 -2.08346e-05 0)
(0.00500581 -1.71404e-05 0)
(0.00515297 -1.33947e-05 -7.01213e-22)
(0.00527385 -9.32741e-06 7.27586e-22)
(0.00535625 -4.90371e-06 -1.53238e-21)
(0.00541757 6.58228e-08 1.58333e-21)
(0.0017568 -0.000124011 -5.18015e-22)
(0.00225847 -0.000112981 -1.05345e-23)
(0.00273626 -0.000103709 5.86865e-22)
(0.0031724 -9.3993e-05 0)
(0.00357543 -8.51056e-05 0)
(0.00394427 -7.66678e-05 0)
(0.00428156 -6.88198e-05 0)
(0.00458861 -6.14571e-05 0)
(0.00486685 -5.45149e-05 0)
(0.00511733 -4.78722e-05 0)
(0.00534044 -4.14139e-05 0)
(0.00553653 -3.49183e-05 0)
(0.00570355 -2.82913e-05 -9.65517e-22)
(0.00584264 -2.09271e-05 9.95363e-22)
(0.00594202 -1.30847e-05 0)
(0.00601701 -3.55608e-06 0)
(0.00203556 -0.000198172 0)
(0.00255899 -0.000181337 0)
(0.00305564 -0.000167203 0)
(0.00350974 -0.000152372 5.54164e-22)
(0.00392941 -0.000138757 -5.70425e-22)
(0.00431404 -0.000125777 0)
(0.00466629 -0.000113646 0)
(0.00498756 -0.000102205 0)
(0.00527935 -9.1359e-05 0)
(0.0055427 -8.09205e-05 0)
(0.00577803 -7.07134e-05 0)
(0.00598562 -6.03856e-05 0)
(0.00616353 -4.98016e-05 -1.55568e-21)
(0.00631253 -3.79526e-05 1.59448e-21)
(0.00642168 -2.54018e-05 0)
(0.00650412 -9.65022e-06 1.71971e-21)
(0.00238787 -0.000295949 0)
(0.00292293 -0.000271631 0)
(0.00342895 -0.000251016 0)
(0.00389228 -0.000229575 1.0342e-21)
(0.00432033 -0.000209798 -1.05417e-21)
(0.00471299 -0.00019093 0)
(0.00507285 -0.000173236 -2.8466e-22)
(0.00540142 -0.000156498 2.90353e-22)
(0.00570017 -0.00014057 3.02543e-22)
(0.00597017 -0.000125185 -3.0863e-22)
(0.00621186 -0.000110081 0)
(0.00642547 -9.47502e-05 -1.32192e-21)
(0.00660921 -7.89695e-05 1.34837e-21)
(0.00676348 -6.13034e-05 0)
(0.00687831 -4.24978e-05 0)
(0.00696494 -1.86804e-05 -2.97315e-21)
(0.00285342 -0.000422539 -3.62049e-21)
(0.00338909 -0.0003887 0)
(0.00389455 -0.000359511 0)
(0.00435822 -0.00032962 -1.99918e-21)
(0.00478648 -0.00030188 9.96361e-22)
(0.00517966 -0.000275459 1.03668e-21)
(0.00554022 -0.000250619 0)
(0.00586968 -0.000227082 0)
(0.00616947 -0.000204627 0)
(0.00644064 -0.000182888 0)
(0.00668362 -0.000161485 0)
(0.00689857 -0.000139737 2.42724e-21)
(0.00708389 -0.000117256 -2.46437e-21)
(0.00723957 -9.22003e-05 2.54987e-21)
(0.00735667 -6.52587e-05 -2.59132e-21)
(0.00744488 -3.12647e-05 5.37533e-21)
(0.00348784 -0.000582947 7.38957e-21)
(0.00401024 -0.000537386 -3.72358e-21)
(0.00450285 -0.00049719 3.86048e-21)
(0.0049559 -0.000456756 -5.83144e-21)
(0.00537445 -0.000418954 1.97074e-21)
(0.00575919 -0.000383029 0)
(0.00611227 -0.000349176 -5.17815e-22)
(0.00643514 -0.000317056 5.21566e-22)
(0.00672916 -0.000286353 5.37259e-22)
(0.00699525 -0.000256577 -5.42023e-22)
(0.00723382 -0.000227193 0)
(0.00744491 -0.000197328 0)
(0.00762708 -0.000166331 -4.64551e-21)
(0.00777996 -0.000132015 4.69986e-21)
(0.0078956 -9.46619e-05 0)
(0.00798267 -4.80338e-05 4.96618e-21)
(0.00437047 -0.000780272 0)
(0.00486133 -0.000720889 0)
(0.00532468 -0.000667178 0)
(0.00575248 -0.000614066 0)
(0.00614815 -0.000564 0)
(0.00651252 -0.000516479 0)
(0.00684732 -0.000471585 0)
(0.00715382 -0.000428923 0)
(0.00743315 -0.000388051 0)
(0.00768607 -0.00034834 0)
(0.00791286 -0.000309061 0)
(0.00811342 -0.000269126 0)
(0.00828643 -0.000227525 0)
(0.00843116 -0.000181785 0)
(0.00854066 -0.000131398 0)
(0.00862325 -6.93672e-05 0)
(0.00561166 -0.00101237 -1.4599e-20)
(0.00604704 -0.00093768 1.43516e-20)
(0.00645915 -0.000868448 7.34518e-21)
(0.00684187 -0.000800912 -1.46604e-20)
(0.00719678 -0.000736728 1.10501e-20)
(0.00752455 -0.000675749 -3.69793e-21)
(0.00782638 -0.000617947 0)
(0.00810318 -0.000562878 0)
(0.00835571 -0.000509961 0)
(0.00858445 -0.00045841 0)
(0.00878948 -0.000407273 0)
(0.00897051 -0.000355226 7.95313e-21)
(0.00912628 -0.00030082 -7.97873e-21)
(0.00925577 -0.000241343 -8.16466e-21)
(0.00935298 -0.000175182 8.20999e-21)
(0.00942676 -9.4898e-05 1.6868e-20)
(0.00735449 -0.00126576 0)
(0.00770434 -0.0011759 -1.35113e-20)
(0.00803706 -0.0010907 -2.25782e-22)
(0.00834893 -0.00100825 1.33693e-20)
(0.00863972 -0.000929293 0)
(0.00890958 -0.000853983 0)
(0.00915901 -0.000782247 0)
(0.0093884 -0.000713603 0)
(0.00959803 -0.000647343 0)
(0.00978797 -0.000582523 0)
(0.00995798 -0.00051796 0)
(0.0101075 -0.000452082 1.43006e-20)
(0.0102354 -0.000382991 -1.43075e-20)
(0.0103404 -0.00030773 0)
(0.0104174 -0.000223497 0)
(0.010477 -0.000122647 0)
(0.00975641 -0.00150592 2.29033e-20)
(0.00998729 -0.00140454 -2.33643e-20)
(0.0102087 -0.00130626 2.30376e-20)
(0.0104199 -0.00121114 -1.17478e-20)
(0.0106193 -0.00111934 1.1631e-20)
(0.010806 -0.00103113 -5.92151e-21)
(0.0109798 -0.000946464 8.85499e-21)
(0.0111405 -0.00086487 -2.95768e-21)
(0.0112878 -0.000785556 -3.00811e-21)
(0.0114211 -0.000707446 9.05063e-21)
(0.01154 -0.000629167 -6.03636e-21)
(0.0116436 -0.000548931 1.22805e-20)
(0.0117306 -0.000464472 1.24926e-20)
(0.0118001 -0.000372611 2.24808e-22)
(0.0118479 -0.000269598 -2.49944e-20)
(0.0118873 -0.000147749 2.55009e-20)
(0.0129163 -0.00166799 -3.66822e-20)
(0.0130037 -0.00156384 0)
(0.0130887 -0.00146055 0)
(0.0131746 -0.0013597 1.90177e-20)
(0.0132591 -0.00126132 -1.88773e-20)
(0.0133403 -0.00116568 -9.6256e-21)
(0.0134174 -0.00107282 9.5718e-21)
(0.0134896 -0.000982327 0)
(0.0135561 -0.000893388 0)
(0.0136159 -0.000804889 9.86961e-21)
(0.0136681 -0.000715374 -9.84102e-21)
(0.0137119 -0.000622964 -2.00075e-20)
(0.0137461 -0.000525256 -1.78269e-22)
(0.0137699 -0.000419044 2.01277e-20)
(0.0137806 -0.000300242 0)
(0.0137954 -0.000161456 -4.12438e-20)
(0.0167032 -0.00167311 5.58498e-20)
(0.0166575 -0.00157763 -5.56654e-20)
(0.0166125 -0.00148092 -2.86417e-20)
(0.0165758 -0.00138512 2.85512e-20)
(0.0165457 -0.00129037 0)
(0.01652 -0.0011969 0)
(0.0164975 -0.00110474 0)
(0.0164774 -0.00101352 0)
(0.0164588 -0.000922491 0)
(0.0164407 -0.00083058 0)
(0.0164221 -0.000736423 -1.53882e-20)
(0.0164023 -0.000638286 1.53641e-20)
(0.0163805 -0.000534008 0)
(0.0163568 -0.00042085 -3.14266e-20)
(0.0163296 -0.000295372 3.1393e-20)
(0.0163217 -0.000151245 0)
(0.0205719 -0.00146425 0)
(0.0204552 -0.00138594 4.08145e-20)
(0.0203376 -0.00130637 -4.08938e-20)
(0.0202306 -0.0012268 -2.10861e-20)
(0.020133 -0.00114716 2.1113e-20)
(0.0200427 -0.00106734 0)
(0.0199587 -0.000987187 0)
(0.0198805 -0.000906299 0)
(0.0198076 -0.000824029 0)
(0.0197394 -0.000739521 0)
(0.0196754 -0.000651727 2.28107e-20)
(0.0196154 -0.000559408 -2.28039e-20)
(0.0195592 -0.000461149 0)
(0.0195076 -0.000355351 0)
(0.0194596 -0.000240349 0)
(0.0194429 -0.000111938 4.69066e-20)
(0.00220908 -6.45874e-07 -2.69739e-21)
(0.00214786 -1.93907e-06 2.65503e-21)
(0.00210362 -2.38019e-06 2.73401e-21)
(0.00203272 -2.77746e-06 0)
(0.00194625 -2.37499e-06 0)
(0.00166832 4.36872e-05 -5.50027e-21)
(0.00156055 0.000334533 -2.38114e-18)
(0.00174553 0.000739727 2.74099e-21)
(0.00198752 0.00120146 -1.30571e-21)
(0.00239107 0.00171057 1.03998e-17)
(0.00286562 0.00214922 5.28964e-18)
(0.00321422 0.0024746 -5.13588e-18)
(0.00360856 0.00291482 -4.72454e-18)
(0.00482339 0.00377872 -4.05461e-18)
(0.0080429 0.00485338 -2.10572e-22)
(0.0102004 0.00278436 1.55884e-20)
(0.00662929 0.000151806 0)
(0.00442126 5.0592e-06 -1.50837e-21)
(0.00434741 6.29753e-06 -1.5313e-21)
(0.0042601 9.53203e-06 0)
(0.00408507 1.49317e-05 3.14031e-21)
(0.00382803 2.79154e-05 4.37215e-23)
(0.00316798 0.000118921 -5.59549e-21)
(0.00275017 0.000581822 2.33952e-21)
(0.00297296 0.00122429 6.76067e-22)
(0.00343537 0.00202122 -2.39685e-18)
(0.00428102 0.00301889 -4.4891e-21)
(0.00538933 0.00405426 -2.83765e-18)
(0.00643108 0.00500734 2.99267e-18)
(0.00760917 0.00623178 5.93878e-18)
(0.0102105 0.00828942 2.77096e-18)
(0.0161195 0.0105831 -2.09509e-18)
(0.0215296 0.00681926 2.15195e-23)
(0.0178628 0.00101406 0)
(0.0054029 7.998e-06 0)
(0.00533554 1.33836e-05 -4.90155e-21)
(0.00523783 2.25596e-05 6.67258e-21)
(0.00503035 3.67951e-05 -2.23514e-23)
(0.00471244 6.93516e-05 -1.13405e-20)
(0.00396081 0.000191471 -3.22588e-21)
(0.0034331 0.000734755 2.84994e-21)
(0.00363602 0.00146923 6.64694e-19)
(0.00416165 0.00238684 1.30216e-18)
(0.00513829 0.00352711 -1.33211e-18)
(0.00644543 0.00473659 -1.37259e-21)
(0.00776902 0.00592893 0)
(0.00932374 0.00745728 -1.42628e-18)
(0.0124022 0.00974029 0)
(0.0186835 0.011798 9.54088e-19)
(0.0252103 0.00769393 2.04901e-23)
(0.0231629 0.00128825 0)
(0.00601477 1.05613e-05 -2.16494e-21)
(0.00595509 2.18679e-05 -4.40189e-21)
(0.00585724 3.94083e-05 -4.54307e-21)
(0.0056437 6.61788e-05 -9.20308e-21)
(0.00530916 0.000125369 2.47774e-20)
(0.00456259 0.000279224 2.3005e-21)
(0.00400221 0.000867861 1.04475e-18)
(0.00417932 0.00164722 1.93538e-21)
(0.00473132 0.00262364 -9.25757e-19)
(0.00575733 0.00381516 8.89717e-19)
(0.00713042 0.00508189 -8.84198e-19)
(0.00857209 0.00637129 -1.74989e-21)
(0.0103158 0.00800301 -8.30034e-19)
(0.0135534 0.0102173 2.13362e-22)
(0.019638 0.0118348 1.26413e-22)
(0.026009 0.00767193 1.84053e-20)
(0.0249158 0.00141677 1.49026e-20)
(0.00650981 1.27928e-05 1.73334e-21)
(0.00645725 3.22961e-05 -1.99714e-23)
(0.00636308 6.11881e-05 3.58387e-21)
(0.00615398 0.000104887 -1.10476e-20)
(0.00582198 0.00019742 -1.09448e-20)
(0.00511908 0.000387272 0)
(0.00456844 0.00100475 -3.97681e-21)
(0.00472727 0.00180776 3.21743e-21)
(0.00529862 0.00281573 -7.57928e-19)
(0.00635143 0.00402364 -1.41309e-18)
(0.00775147 0.00530889 6.77937e-19)
(0.00926337 0.00664703 0)
(0.0111472 0.00830921 1.1799e-18)
(0.0144802 0.0103738 -4.91539e-22)
(0.020306 0.0115723 -3.06017e-19)
(0.0262467 0.00747681 -3.0049e-20)
(0.0256136 0.00157174 -1.71245e-20)
(0.00697558 1.44146e-05 -2.99006e-21)
(0.00692951 4.47532e-05 -2.99763e-21)
(0.0068412 8.82711e-05 -3.0904e-21)
(0.00664262 0.000153538 1.91022e-20)
(0.0063247 0.000284617 -1.26726e-20)
(0.00568659 0.000515816 6.77915e-20)
(0.00517681 0.00115293 -4.16583e-19)
(0.00533056 0.00196849 3.77866e-19)
(0.005923 0.00299095 6.65444e-19)
(0.00699566 0.00419586 1.2199e-18)
(0.00841091 0.00548056 0)
(0.00998232 0.00684239 2.0128e-21)
(0.0119974 0.00849109 -9.37652e-19)
(0.0154056 0.0103532 3.62414e-19)
(0.0209382 0.0111322 4.72545e-19)
(0.0263419 0.00718385 1.40572e-20)
(0.0259902 0.00172955 5.6891e-21)
(0.00745764 1.50547e-05 1.07726e-20)
(0.0074172 5.92583e-05 1.09135e-20)
(0.00733654 0.000120981 6.8055e-23)
(0.00715361 0.000212666 1.71971e-20)
(0.00685946 0.000386032 0)
(0.00630083 0.000664028 -9.80309e-20)
(0.00585856 0.00131439 0)
(0.00602556 0.00213565 -6.74991e-19)
(0.0066462 0.00315881 -4.72231e-21)
(0.00773819 0.00434657 -5.22518e-21)
(0.00916725 0.00561729 -3.93799e-21)
(0.0108006 0.00698127 0)
(0.0129453 0.00857409 4.00667e-19)
(0.0164013 0.0101824 -3.12485e-19)
(0.0215856 0.0105395 -1.99907e-19)
(0.0263782 0.00681177 0)
(0.0262434 0.00188492 0)
(0.00799419 1.43838e-05 -1.48577e-20)
(0.00795808 7.58953e-05 -2.01259e-20)
(0.00788695 0.000159666 1.02358e-20)
(0.00772495 0.000282558 -1.04239e-20)
(0.0074643 0.00050025 -2.09881e-20)
(0.00699657 0.000828856 5.57785e-20)
(0.0066457 0.00148687 0)
(0.00684891 0.00230837 6.33746e-19)
(0.00750937 0.00331943 2.70795e-19)
(0.00862465 0.0044776 -4.86638e-19)
(0.0100725 0.00572097 -4.51554e-19)
(0.0117753 0.0070605 -1.7328e-22)
(0.0140419 0.00854675 -2.79786e-21)
(0.017496 0.00984886 0)
(0.0222575 0.00979843 -1.64058e-19)
(0.0263867 0.00637285 5.07812e-23)
(0.0264428 0.00203297 3.81007e-22)
(0.00862924 1.22154e-05 -1.83681e-20)
(0.0085957 9.47563e-05 9.30424e-21)
(0.00853621 0.000204426 -1.89929e-20)
(0.00840103 0.00036248 0)
(0.00818452 0.000624241 1.93705e-20)
(0.00781719 0.00100334 -2.00711e-20)
(0.00758011 0.00166342 0)
(0.00784468 0.00247859 -2.04565e-20)
(0.00855953 0.00346466 -2.93224e-21)
(0.00970542 0.00458035 1.43434e-20)
(0.0111806 0.00577853 1.48199e-20)
(0.0129578 0.00705606 -5.85146e-21)
(0.01532 0.00837456 2.21486e-21)
(0.0186931 0.00932565 -1.60432e-21)
(0.0229453 0.00891576 8.07876e-20)
(0.0263895 0.0058771 0)
(0.0266209 0.00216429 -3.37462e-22)
(0.00942165 8.71688e-06 8.71252e-23)
(0.00938881 0.000115972 3.41276e-20)
(0.00934349 0.00025495 1.75463e-20)
(0.00924178 0.000450043 -5.26335e-20)
(0.00908113 0.000752376 3.44726e-20)
(0.00882286 0.00117516 -1.07585e-19)
(0.00872039 0.00183024 3.45472e-20)
(0.00907061 0.00262919 -2.5844e-19)
(0.00985398 0.00357584 -2.03293e-19)
(0.0110379 0.00463277 3.81075e-19)
(0.0125463 0.00575868 3.85586e-19)
(0.0143885 0.00692289 -1.04865e-20)
(0.0167885 0.00800858 -2.66502e-19)
(0.0199711 0.00858944 -6.86031e-22)
(0.0236323 0.00791265 7.20602e-20)
(0.0264105 0.00533315 -1.195e-22)
(0.0267969 0.00226133 1.28379e-22)
(0.0104538 4.85893e-06 -1.49066e-20)
(0.0104189 0.000139549 3.0384e-20)
(0.0103935 0.000310193 -3.04939e-20)
(0.0103326 0.000540961 0)
(0.0102401 0.000875551 0)
(0.0100998 0.00132598 6.18318e-20)
(0.0101479 0.0019639 -2.35683e-19)
(0.0106042 0.00273137 5.47831e-20)
(0.0114627 0.0036203 -2.46472e-19)
(0.0126836 0.00459476 -3.63745e-19)
(0.0142154 0.00560899 1.58898e-19)
(0.0160821 0.00659966 -1.3112e-19)
(0.0184227 0.007402 3.54366e-19)
(0.0212881 0.00764016 -9.20638e-20)
(0.0243053 0.0068283 6.84884e-20)
(0.0264798 0.0047482 1.55753e-22)
(0.0269871 0.0023003 -1.6435e-22)
(0.0118384 2.85224e-06 -3.83263e-20)
(0.0117998 0.000164873 -1.35082e-20)
(0.0118024 0.000366467 1.03722e-19)
(0.0117972 0.000628975 5.18952e-22)
(0.0117836 0.000982508 -1.02267e-19)
(0.0117724 0.00143325 5.06984e-20)
(0.0119813 0.0020317 1.94101e-19)
(0.0125456 0.00274474 0)
(0.0134633 0.00355082 1.66895e-19)
(0.0146946 0.00440934 1.84529e-19)
(0.0162056 0.00526447 -1.74391e-19)
(0.0180126 0.00603014 2.42413e-19)
(0.0201644 0.00653897 -5.28409e-21)
(0.0225977 0.00651757 1.66761e-19)
(0.0249691 0.0057143 -6.37777e-20)
(0.0266328 0.00412868 -8.69567e-22)
(0.0272132 0.0022564 -1.18765e-20)
(0.013715 5.44758e-06 -2.09049e-20)
(0.0136744 0.000188579 8.32981e-20)
(0.0137156 0.000411965 -8.28494e-20)
(0.0137855 0.000692449 -4.17995e-20)
(0.0138867 0.00104611 2.01959e-19)
(0.0140258 0.0014704 -7.90653e-20)
(0.0143614 0.00200461 -7.27996e-20)
(0.014994 0.00263182 -7.01866e-20)
(0.0159131 0.00332046 1.28239e-19)
(0.0170846 0.00402392 -3.47169e-20)
(0.0184849 0.0046805 -8.0379e-20)
(0.0201108 0.00520355 -4.83547e-21)
(0.0219441 0.00546372 -1.75586e-19)
(0.0238777 0.00530211 -7.52213e-20)
(0.0256567 0.00462275 -6.52872e-20)
(0.0269093 0.0034831 3.04285e-20)
(0.0275101 0.00211204 2.50162e-20)
(0.01621 1.54327e-05 0)
(0.0161722 0.000203569 -1.59392e-20)
(0.0162575 0.000427841 -3.1781e-20)
(0.0164048 0.000698349 -1.40434e-22)
(0.0166128 0.00102253 -3.06291e-20)
(0.0168878 0.00139702 0)
(0.0173127 0.00184696 1.12792e-19)
(0.017945 0.00235734 1.04398e-19)
(0.0187753 0.00289584 -2.04136e-19)
(0.0197853 0.00341738 -9.73499e-20)
(0.0209622 0.00386674 4.84442e-20)
(0.0222898 0.00417809 -6.0789e-20)
(0.0237197 0.00427599 9.47394e-20)
(0.0251527 0.00408863 -3.90972e-21)
(0.0264295 0.00359144 6.49388e-20)
(0.0273574 0.00281933 -2.6666e-20)
(0.0279384 0.00185746 -2.81839e-20)
(0.0193119 2.83295e-05 -1.39121e-19)
(0.0192787 0.000198617 1.06036e-19)
(0.0193904 0.000399959 0)
(0.0195825 0.000635864 -1.12753e-19)
(0.0198471 0.000909484 8.76362e-20)
(0.0201876 0.00122044 -4.13474e-20)
(0.0206157 0.00157763 -7.97771e-20)
(0.0211567 0.00196333 1.55021e-19)
(0.0218104 0.00234855 -2.60528e-21)
(0.0225786 0.00269816 7.09385e-20)
(0.0234624 0.00297343 -3.96205e-21)
(0.0244456 0.00313627 -2.73111e-21)
(0.0254774 0.00315341 0)
(0.0264832 0.00299824 -7.11927e-21)
(0.0273696 0.00266305 7.6688e-21)
(0.0280498 0.00214908 0)
(0.0285711 0.00150453 2.56499e-20)
(0.0295031 0.000732876 1.4481e-20)
(0.029563 0.000303642 -8.44837e-22)
(0.0294546 -0.000117791 0)
(0.0291566 -0.00051534 -5.02014e-20)
(0.0287074 -0.000856307 0)
(0.0281683 -0.00112085 -2.59496e-20)
(0.0276006 -0.00131048 0)
(0.0270382 -0.00144132 -4.01961e-20)
(0.0264902 -0.00152889 -2.83289e-20)
(0.0259593 -0.00158139 -4.37631e-20)
(0.0254511 -0.00160104 6.06313e-20)
(0.0249838 -0.00158804 -6.15377e-20)
(0.0245711 -0.00155087 6.45147e-20)
(0.0242211 -0.00149705 -1.58431e-20)
(0.0239336 -0.00143212 -3.39162e-20)
(0.0236758 -0.00136242 0)
(0.0235961 -0.00127721 0)
(0.0301184 0.000585611 -1.65312e-20)
(0.0302063 0.00027551 -5.07149e-21)
(0.0301698 -2.35953e-05 0)
(0.0299997 -0.000308778 4.84223e-20)
(0.0297151 -0.000565076 0)
(0.0293504 -0.000778055 3.13612e-20)
(0.0289469 -0.000941772 8.20205e-21)
(0.0285317 -0.00106173 -8.13331e-21)
(0.0281155 -0.00114766 0)
(0.0277026 -0.00120687 -3.47125e-20)
(0.0272983 -0.00124266 -3.54245e-20)
(0.026915 -0.00125505 3.64073e-20)
(0.0265666 -0.00124594 -3.75858e-20)
(0.0262626 -0.00121873 -3.90975e-20)
(0.026006 -0.00117719 1.98105e-20)
(0.0257795 -0.00112414 -1.03126e-20)
(0.0256705 -0.0010517 0)
(0.0304735 0.000462081 -6.94723e-22)
(0.0305794 0.000231783 6.98267e-21)
(0.0305839 1.15827e-05 -6.78308e-22)
(0.0304861 -0.000202286 -2.03475e-20)
(0.0302989 -0.000401052 0)
(0.0300429 -0.000573049 0)
(0.0297452 -0.000710793 -4.51758e-20)
(0.0294268 -0.000815658 2.53371e-20)
(0.0290986 -0.000893877 -3.11236e-20)
(0.0287668 -0.000951019 4.18151e-20)
(0.028437 -0.000989956 -3.1935e-20)
(0.0281189 -0.00101064 -3.26428e-20)
(0.0278223 -0.00101326 1.13984e-20)
(0.0275548 -0.000999072 0)
(0.0273198 -0.000970213 -2.42768e-20)
(0.0271083 -0.000928438 3.67904e-20)
(0.0269725 -0.000865308 3.67827e-20)
(0.0305938 0.000361514 0)
(0.0307154 0.000186311 -2.70654e-21)
(0.0307487 2.01714e-05 -1.54108e-20)
(0.0306992 -0.000144074 2.43608e-21)
(0.0305769 -0.000299884 -1.56115e-21)
(0.030394 -0.000437529 0)
(0.0301683 -0.000549842 4.92648e-20)
(0.0299158 -0.000636849 -2.49185e-20)
(0.0296474 -0.000703156 2.5268e-20)
(0.0293706 -0.000753285 1.91384e-20)
(0.0290916 -0.000789635 7.18893e-20)
(0.028818 -0.000811873 -1.31553e-20)
(0.0285571 -0.000819361 -4.12283e-20)
(0.0283147 -0.00081224 1.37454e-20)
(0.0280938 -0.000791651 1.45674e-20)
(0.0278907 -0.000759141 -7.14478e-21)
(0.0277336 -0.00070454 -2.95634e-20)
(0.0305048 0.000277301 0)
(0.0306428 0.00014322 1.66633e-21)
(0.0306999 1.72269e-05 1.76764e-20)
(0.0306876 -0.000110222 1.02541e-21)
(0.030614 -0.00023321 -2.96816e-21)
(0.0304852 -0.000343212 3.29807e-20)
(0.0303121 -0.000433622 0)
(0.0301072 -0.000504116 -3.11519e-20)
(0.0298814 -0.000558597 -3.98012e-21)
(0.0296433 -0.00060096 3.57384e-20)
(0.0293996 -0.000633186 -3.22486e-20)
(0.029157 -0.000654593 1.64545e-20)
(0.0289209 -0.000663999 1.68624e-20)
(0.0286957 -0.000660873 -3.47271e-20)
(0.0284841 -0.00064569 1.79357e-20)
(0.0282864 -0.00062038 1.84251e-20)
(0.0281123 -0.000571802 0)
(0.0302083 0.000206026 0)
(0.0303658 0.000103846 3.23783e-21)
(0.0304472 8.66921e-06 1.06594e-20)
(0.0304693 -9.05309e-05 0)
(0.0304384 -0.000187938 -1.26251e-21)
(0.0303552 -0.000275805 -4.04948e-20)
(0.0302253 -0.000347928 4.89467e-21)
(0.0300589 -0.000403995 1.96337e-20)
(0.0298669 -0.000447681 1.73508e-20)
(0.0296589 -0.000482556 -5.99563e-20)
(0.0294422 -0.000510294 1.51304e-20)
(0.0292228 -0.000529859 -1.55437e-20)
(0.0290051 -0.000539636 -2.11424e-20)
(0.0287925 -0.000538643 2.17653e-20)
(0.0285868 -0.000526851 -1.12258e-20)
(0.0283922 -0.000507157 -1.15378e-20)
(0.0282018 -0.000462166 -1.16234e-20)
(0.0296885 0.000144322 0)
(0.0298702 6.75314e-05 -3.72829e-21)
(0.029979 -3.48622e-06 -1.37007e-20)
(0.0300371 -8.02812e-05 2.56912e-20)
(0.0300482 -0.000157217 2.67714e-20)
(0.0300083 -0.000227117 1.59897e-21)
(0.0299183 -0.000284 2.36605e-20)
(0.0297865 -0.000327674 2.52538e-20)
(0.0296243 -0.000361809 -2.54297e-20)
(0.0294421 -0.000389819 2.56782e-20)
(0.029248 -0.000413176 4.26567e-24)
(0.0290473 -0.000430517 -6.70858e-21)
(0.0288435 -0.000439857 1.3571e-20)
(0.0286391 -0.000439853 -2.08765e-20)
(0.0284351 -0.00042994 1.44436e-20)
(0.0282389 -0.000414353 0)
(0.0280258 -0.000371114 0)
(0.028925 9.01693e-05 -9.6042e-21)
(0.0291329 3.38826e-05 4.38846e-21)
(0.02927 -1.78762e-05 5.80287e-22)
(0.0293642 -7.63369e-05 -3.55574e-20)
(0.0294162 -0.000136391 -3.51453e-20)
(0.0294173 -0.000191344 1.03838e-21)
(0.029364 -0.000235347 -3.32015e-20)
(0.029263 -0.00026832 0)
(0.0291263 -0.000293971 0)
(0.0289652 -0.00031564 -1.69481e-20)
(0.0287883 -0.00033468 -4.71865e-20)
(0.0286001 -0.000349462 1.10297e-22)
(0.0284029 -0.000357697 1.3517e-20)
(0.0281981 -0.000357726 1.85009e-20)
(0.0279854 -0.000348227 -4.83462e-21)
(0.0277744 -0.000334661 9.77476e-21)
(0.0275194 -0.000292698 4.95872e-21)
(0.0278869 4.36547e-05 2.56053e-20)
(0.0281121 3.99557e-06 3.00929e-22)
(0.0282678 -3.20604e-05 -1.25274e-20)
(0.0283888 -7.49617e-05 0)
(0.0284728 -0.000120576 2.36688e-20)
(0.0285055 -0.000162645 -2.12056e-21)
(0.0284786 -0.000195461 1.39207e-21)
(0.0283974 -0.000218973 -2.25462e-20)
(0.0282744 -0.000236852 -2.27281e-20)
(0.0281218 -0.000252372 2.00656e-20)
(0.0279482 -0.000266817 2.87358e-21)
(0.0277565 -0.000278403 3.00749e-21)
(0.0275471 -0.000284621 -2.73703e-20)
(0.02732 -0.000283443 3.17195e-21)
(0.0270718 -0.000272723 -3.20088e-21)
(0.0268187 -0.00025876 0)
(0.0264883 -0.000219664 -1.99779e-20)
(0.0264771 6.8415e-06 -2.59294e-20)
(0.0266887 -1.9426e-05 -1.38044e-22)
(0.0268337 -4.21777e-05 1.682e-20)
(0.026956 -7.1145e-05 0)
(0.0270485 -0.000103721 -3.10703e-20)
(0.0270897 -0.000134062 -1.46245e-21)
(0.027065 -0.00015669 -3.00282e-20)
(0.0269779 -0.000171455 1.96284e-21)
(0.0268421 -0.000181828 2.93857e-20)
(0.0266707 -0.000190968 -3.16212e-20)
(0.0264715 -0.000200104 4.80232e-20)
(0.0262451 -0.000207465 0)
(0.0259895 -0.000210492 0)
(0.0257038 -0.000206998 1.70474e-20)
(0.0253872 -0.000194569 0)
(0.0250662 -0.000179314 1.33139e-20)
(0.024647 -0.000147132 -1.32416e-20)
(0.0244397 -1.69282e-05 -1.00907e-22)
(0.0245727 -3.25348e-05 3.30011e-21)
(0.0246587 -4.39593e-05 -1.17091e-20)
(0.0247428 -5.99394e-05 -1.76759e-22)
(0.0248101 -8.02422e-05 -2.2702e-20)
(0.0248289 -9.95114e-05 6.72696e-22)
(0.0247762 -0.000112671 4.43579e-20)
(0.0246546 -0.000119367 4.1643e-20)
(0.0244801 -0.000122688 -2.15265e-20)
(0.0242674 -0.000125608 6.48254e-20)
(0.0240239 -0.000129335 -4.07238e-20)
(0.0237487 -0.000132394 -5.48567e-21)
(0.02344 -0.000132512 -1.94822e-20)
(0.0231003 -0.000127966 -1.41414e-20)
(0.0227384 -0.000116607 2.83138e-21)
(0.0223936 -0.000103131 -1.15352e-20)
(0.0219577 -8.26546e-05 1.1471e-20)
(0.0213203 -2.55572e-05 1.70845e-20)
(0.0213159 -3.30726e-05 -4.16827e-21)
(0.0213012 -3.56953e-05 1.66401e-20)
(0.0213286 -4.03379e-05 -3.73852e-22)
(0.0213676 -4.98327e-05 3.06556e-20)
(0.0213705 -5.95671e-05 4.69979e-22)
(0.0213049 -6.51094e-05 1.49179e-20)
(0.0211742 -6.58733e-05 0)
(0.0209975 -6.43914e-05 3.02769e-20)
(0.0207899 -6.33422e-05 -1.36358e-20)
(0.0205579 -6.39208e-05 1.27239e-20)
(0.0203 -6.51073e-05 -1.83367e-21)
(0.0200167 -6.50427e-05 3.08325e-20)
(0.0197136 -6.24826e-05 -1.45935e-20)
(0.0193987 -5.58552e-05 0)
(0.0191246 -4.754e-05 0)
(0.0187671 -3.8974e-05 -3.70508e-21)
(0.0165475 -1.97887e-05 9.51299e-23)
(0.0164187 -2.28481e-05 1.3219e-21)
(0.0163187 -2.16322e-05 9.3344e-23)
(0.0163471 -2.03846e-05 0)
(0.0164387 -2.36055e-05 2.23306e-20)
(0.0165196 -2.75786e-05 0)
(0.0165463 -2.89079e-05 -4.29459e-20)
(0.0165215 -2.68102e-05 -2.11443e-20)
(0.0164629 -2.2974e-05 0)
(0.016379 -1.96881e-05 -2.04491e-20)
(0.0162701 -1.84775e-05 4.02151e-20)
(0.016133 -1.91663e-05 0)
(0.0159699 -2.03213e-05 0)
(0.0157871 -2.06601e-05 -1.23173e-20)
(0.01559 -1.896e-05 -4.97956e-21)
(0.0154272 -1.56529e-05 2.45261e-21)
(0.0151825 -1.53208e-05 0)
(0.00998133 -7.85908e-06 0)
(0.00982811 -9.15264e-06 -3.08813e-21)
(0.00968838 -7.2458e-06 0)
(0.00973568 -4.72194e-06 0)
(0.00987549 -5.24593e-06 -3.21995e-20)
(0.0100291 -6.31162e-06 -5.07021e-22)
(0.0101599 -6.13556e-06 3.27475e-20)
(0.0102792 -4.27305e-06 2.31374e-20)
(0.0104075 -1.62692e-06 1.9995e-21)
(0.0105449 5.20824e-07 -8.85333e-21)
(0.0106734 1.2837e-06 -3.09609e-20)
(0.0107676 6.3097e-07 -7.61732e-21)
(0.010815 -6.3807e-07 0)
(0.0108172 -1.75261e-06 1.50562e-20)
(0.0107797 -2.0103e-06 7.55192e-21)
(0.0107546 -1.05502e-06 0)
(0.0106219 -4.28644e-06 0)
(0.0032176 -9.19113e-07 -2.54538e-23)
(0.003149 -1.23046e-06 8.35288e-22)
(0.00305655 -7.52509e-07 0)
(0.00305852 -1.03175e-07 1.03541e-22)
(0.00309645 9.67667e-09 -1.0671e-22)
(0.00313523 3.14645e-07 2.24871e-22)
(0.00316768 1.12188e-06 -2.31345e-22)
(0.00321174 2.50339e-06 7.29867e-21)
(0.0032892 4.27171e-06 5.01352e-22)
(0.00340896 6.01447e-06 8.4128e-21)
(0.00355928 7.19444e-06 0)
(0.00370939 7.49367e-06 8.91452e-21)
(0.00383311 7.11634e-06 0)
(0.00392074 6.47119e-06 0)
(0.00397156 5.79199e-06 1.21148e-21)
(0.00402304 5.27314e-06 -1.21235e-21)
(0.00398514 3.63848e-06 0)
(0.0235249 -0.00120908 -3.64915e-20)
(0.0234164 -0.00114216 3.66236e-20)
(0.0233049 -0.00107518 0)
(0.0232013 -0.00100848 1.9272e-20)
(0.0231052 -0.00094185 -1.93278e-20)
(0.0230148 -0.000874883 0)
(0.0229296 -0.000807144 5.0342e-21)
(0.0228495 -0.000738134 -5.04425e-21)
(0.0227745 -0.000667253 -5.15562e-21)
(0.0227043 -0.0005938 5.163e-21)
(0.0226389 -0.00051697 2.10365e-20)
(0.0225784 -0.000435875 -4.2271e-20)
(0.0225226 -0.000349572 -2.15253e-20)
(0.0224721 -0.00025707 8.58023e-20)
(0.0224257 -0.00015754 -8.63193e-20)
(0.0224079 -4.79456e-05 -1.11473e-22)
(0.0255757 -0.000997637 0)
(0.0254619 -0.000945593 0)
(0.025349 -0.000892017 0)
(0.0252441 -0.000837309 -2.27257e-20)
(0.0251465 -0.000781849 3.43752e-20)
(0.0250551 -0.000725523 -1.15998e-20)
(0.0249695 -0.000668035 5.95387e-21)
(0.0248899 -0.000609024 -5.97329e-21)
(0.0248162 -0.000548054 -6.10838e-21)
(0.0247486 -0.000484587 6.12462e-21)
(0.0246871 -0.00041798 0)
(0.0246319 -0.000347487 0)
(0.0245833 -0.000272254 0)
(0.0245418 -0.000191265 -2.55623e-20)
(0.0245066 -0.000103474 2.55868e-20)
(0.0244957 -6.05603e-06 5.16612e-20)
(0.0268546 -0.000819437 -2.55002e-20)
(0.0267291 -0.00077653 0)
(0.0266079 -0.000732366 -1.34474e-20)
(0.0264948 -0.000687058 1.35204e-20)
(0.0263893 -0.000641055 0)
(0.0262909 -0.000594292 0)
(0.0261993 -0.000546476 0)
(0.0261147 -0.000497281 0)
(0.0260372 -0.000446339 0)
(0.025967 -0.000393211 0)
(0.0259042 -0.000337373 0)
(0.0258492 -0.000278216 0)
(0.0258024 -0.000215043 0)
(0.0257644 -0.000146998 0)
(0.0257351 -7.31573e-05 0)
(0.0257265 8.889e-06 0)
(0.0275968 -0.000666602 0)
(0.0274604 -0.00063239 0)
(0.027331 -0.00059704 0)
(0.0272099 -0.000560421 0)
(0.0270965 -0.000523039 8.57301e-21)
(0.0269907 -0.000484867 -4.26193e-21)
(0.0268924 -0.000445654 -4.38467e-21)
(0.0268017 -0.000405147 0)
(0.0267189 -0.000363066 0)
(0.0266441 -0.000319068 -4.61719e-21)
(0.0265777 -0.000272743 1.39767e-20)
(0.02652 -0.00022361 -1.88116e-20)
(0.0264716 -0.00017112 2.85084e-20)
(0.0264332 -0.000114604 8.71932e-23)
(0.0264049 -5.33934e-05 -1.9234e-20)
(0.0263944 1.44918e-05 0)
(0.0279607 -0.000540239 0)
(0.0278147 -0.000512998 0)
(0.0276781 -0.000484504 0)
(0.0275497 -0.000454681 0)
(0.0274289 -0.000424142 5.36176e-21)
(0.0273157 -0.000392862 -5.39877e-21)
(0.0272104 -0.000360632 0)
(0.027113 -0.000327262 0)
(0.0270239 -0.00029254 0)
(0.0269433 -0.000256195 0)
(0.0268715 -0.000217902 0)
(0.0268092 -0.000177281 0)
(0.0267568 -0.000133898 0)
(0.0267151 -8.72209e-05 -1.20906e-20)
(0.0266848 -3.68196e-05 2.43014e-20)
(0.0266693 1.90775e-05 -1.22224e-20)
(0.0280361 -0.000435997 2.48973e-20)
(0.0278803 -0.000414439 -1.2636e-20)
(0.0277355 -0.000391283 -6.56576e-21)
(0.0275984 -0.00036681 6.6243e-21)
(0.0274685 -0.000341697 0)
(0.0273461 -0.00031589 -3.49293e-21)
(0.0272316 -0.000289226 3.52056e-21)
(0.0271252 -0.000261582 0)
(0.0270271 -0.000232801 0)
(0.0269379 -0.000202674 3.72877e-21)
(0.0268579 -0.000170946 -3.75156e-21)
(0.0267878 -0.000137322 0)
(0.0267285 -0.000101457 7.72237e-21)
(0.0266806 -6.28915e-05 -7.75635e-21)
(0.0266454 -2.13334e-05 -1.56878e-20)
(0.0266218 2.52646e-05 1.57369e-20)
(0.027842 -0.000349605 8.16933e-21)
(0.0276715 -0.000332303 -8.24358e-21)
(0.0275128 -0.000313002 0)
(0.0273609 -0.000292521 -4.39051e-21)
(0.0272155 -0.000271486 4.4338e-21)
(0.0270774 -0.000249822 -2.29027e-21)
(0.0269471 -0.000227436 3.47763e-21)
(0.0268249 -0.000204266 -1.1768e-21)
(0.0267114 -0.000180206 -1.20741e-21)
(0.0266073 -0.000155098 3.66653e-21)
(0.0265132 -0.000128746 -2.4662e-21)
(0.0264301 -0.000100927 5.02504e-21)
(0.0263589 -7.13724e-05 -5.0499e-21)
(0.0263006 -3.96348e-05 0)
(0.0262569 -5.44218e-06 -1.03039e-20)
(0.0262221 3.40208e-05 1.03129e-20)
(0.0273042 -0.000274972 -5.44943e-21)
(0.0271051 -0.000260254 5.50572e-21)
(0.0269181 -0.00024349 0)
(0.0267369 -0.000225867 0)
(0.0265621 -0.000207808 2.99702e-21)
(0.0263949 -0.000189261 -3.02355e-21)
(0.0262364 -0.000170225 0)
(0.0260872 -0.000150692 0)
(0.0259484 -0.000130598 0)
(0.0258211 -0.000109824 0)
(0.0257062 -8.82151e-05 -3.29829e-21)
(0.025605 -6.56043e-05 3.31263e-21)
(0.0255186 -4.17909e-05 0)
(0.0254482 -1.61477e-05 0)
(0.025395 1.14093e-05 6.7967e-21)
(0.0253514 4.43605e-05 -6.78462e-21)
(0.0262177 -0.000204527 1.45775e-20)
(0.0259676 -0.000190803 -7.41649e-21)
(0.0257321 -0.000175811 3.85059e-21)
(0.0255046 -0.000160557 -3.88016e-21)
(0.0252867 -0.000145141 0)
(0.0250808 -0.000129571 2.03706e-21)
(0.0248881 -0.000113917 -2.04769e-21)
(0.02471 -9.81813e-05 0)
(0.0245476 -8.22974e-05 0)
(0.0244019 -6.61438e-05 -2.14717e-21)
(0.024274 -4.95646e-05 2.1526e-21)
(0.0241649 -3.24126e-05 0)
(0.0240754 -1.43402e-05 0)
(0.0240046 5.28511e-06 0)
(0.0239585 2.58938e-05 -8.83286e-21)
(0.0239244 5.14182e-05 8.80011e-21)
(0.0243148 -0.000134113 -4.90026e-21)
(0.0240155 -0.000121434 4.91793e-21)
(0.0237409 -0.000109226 0)
(0.023484 -9.75453e-05 0)
(0.0232464 -8.60578e-05 0)
(0.0230296 -7.47666e-05 1.32523e-21)
(0.0228344 -6.37112e-05 -1.32692e-21)
(0.0226607 -5.28338e-05 0)
(0.0225087 -4.2022e-05 0)
(0.0223786 -3.11226e-05 -1.3781e-21)
(0.0222703 -1.99649e-05 1.37822e-21)
(0.0221842 -8.27266e-06 0)
(0.0221188 4.24567e-06 2.80309e-21)
(0.0220774 1.77821e-05 -8.40702e-21)
(0.0220649 3.15173e-05 1.11985e-20)
(0.0220637 4.92889e-05 -5.58377e-21)
(0.021624 -7.28089e-05 0)
(0.0213395 -6.31224e-05 3.21588e-21)
(0.0210905 -5.56353e-05 -6.46344e-21)
(0.0208668 -4.8974e-05 4.89293e-21)
(0.0206677 -4.24492e-05 -1.64241e-21)
(0.0204931 -3.6059e-05 0)
(0.0203418 -2.98164e-05 0)
(0.0202129 -2.36453e-05 0)
(0.0201056 -1.74448e-05 0)
(0.0200194 -1.10905e-05 0)
(0.0199542 -4.35834e-06 0)
(0.0199086 2.95204e-06 0)
(0.0198859 1.07641e-05 3.52344e-21)
(0.0198865 1.91858e-05 -7.04617e-21)
(0.0199153 2.75084e-05 3.5228e-21)
(0.0199516 3.87689e-05 0)
(0.0185003 -3.23933e-05 6.03987e-21)
(0.0182886 -2.64696e-05 -4.08533e-21)
(0.0181125 -2.34897e-05 2.05043e-21)
(0.0179585 -2.09681e-05 0)
(0.0178251 -1.82143e-05 0)
(0.0177115 -1.53382e-05 0)
(0.0176165 -1.24061e-05 0)
(0.0175394 -9.39363e-06 0)
(0.0174796 -6.25773e-06 0)
(0.0174371 -2.90858e-06 0)
(0.0174117 8.5838e-07 0)
(0.0174047 5.01626e-06 0)
(0.0174178 9.38405e-06 0)
(0.0174513 1.41597e-05 0)
(0.0175108 1.8786e-05 0)
(0.0175719 2.51592e-05 0)
(0.0149996 -1.09487e-05 2.77505e-21)
(0.0148713 -7.96966e-06 -1.36074e-21)
(0.0147711 -7.77798e-06 -1.4007e-21)
(0.0146832 -7.54627e-06 -1.43813e-21)
(0.0146069 -6.83542e-06 1.43981e-21)
(0.0145429 -5.87871e-06 0)
(0.014491 -4.78688e-06 3.74042e-22)
(0.0144512 -3.57408e-06 -3.75342e-22)
(0.0144236 -2.23704e-06 -3.83676e-22)
(0.0144087 -7.2286e-07 3.8534e-22)
(0.0144075 1.10629e-06 0)
(0.0144216 3.15114e-06 0)
(0.0144519 5.25079e-06 0)
(0.0144986 7.57795e-06 1.61446e-21)
(0.0145689 9.81639e-06 -1.62152e-21)
(0.0146322 1.27729e-05 0)
(0.0105165 -1.26271e-06 0)
(0.0104639 -6.15542e-08 0)
(0.0104249 -1.02629e-06 0)
(0.0103833 -1.614e-06 0)
(0.0103431 -1.70122e-06 0)
(0.0103073 -1.58315e-06 0)
(0.0102771 -1.36923e-06 0)
(0.0102531 -1.07691e-06 0)
(0.0102359 -7.13435e-07 0)
(0.0102264 -2.6574e-07 0)
(0.0102257 3.29264e-07 0)
(0.0102366 1.0276e-06 1.26678e-21)
(0.0102585 1.73158e-06 -1.27337e-21)
(0.0102914 2.51232e-06 2.58384e-21)
(0.0103431 3.27289e-06 -5.20284e-21)
(0.0103777 3.87549e-06 2.61633e-21)
(0.0039433 5.14931e-06 0)
(0.00394771 4.07256e-06 0)
(0.00394563 2.62527e-06 0)
(0.00393208 1.78507e-06 0)
(0.00391544 1.18687e-06 0)
(0.00389915 6.68061e-07 0)
(0.00388389 2.14571e-07 1.96447e-22)
(0.00387017 -1.71657e-07 -1.96905e-22)
(0.00385855 -4.92965e-07 -2.00971e-22)
(0.00384952 -7.47493e-07 2.01472e-22)
(0.00384369 -9.2255e-07 0)
(0.0038424 -1.02333e-06 -8.26813e-22)
(0.0038462 -1.05869e-06 8.28702e-22)
(0.00385396 -1.05679e-06 0)
(0.00387174 -7.20428e-07 0)
(0.00386991 -1.14675e-06 0)
(0.0222804 6.72872e-05 4.23155e-20)
(0.0222505 0.000217842 -4.33134e-20)
(0.0223373 0.000392126 4.32471e-20)
(0.0224979 0.000588401 4.35917e-20)
(0.0227279 0.000807856 -8.51064e-20)
(0.0230311 0.00104956 4.40817e-20)
(0.0234079 0.00130943 -4.18965e-20)
(0.0238554 0.00157308 0)
(0.0243726 0.0018221 -1.04905e-19)
(0.024962 0.00203601 2.06077e-20)
(0.0256247 0.00219265 -3.87404e-20)
(0.0263493 0.00227123 -2.91214e-20)
(0.0270996 0.00225553 -1.35986e-20)
(0.0278225 0.00213381 6.54611e-21)
(0.0284594 0.00190223 -1.49251e-22)
(0.0289377 0.00157212 1.00494e-21)
(0.0293544 0.00115602 -1.28046e-20)
(0.0244124 9.42405e-05 -5.02381e-20)
(0.0244083 0.000227042 0)
(0.0244789 0.000378765 -2.55349e-20)
(0.0246058 0.000543768 5.07379e-20)
(0.0247867 0.000720983 5.11513e-20)
(0.0250249 0.000907545 9.7481e-22)
(0.0253211 0.00109799 5.07686e-20)
(0.025673 0.00128355 0)
(0.0260789 0.00145321 0)
(0.0265393 0.00159386 0)
(0.0270524 0.00169063 4.75792e-20)
(0.0276081 0.00172915 -9.16949e-20)
(0.028181 0.00169904 4.72899e-20)
(0.0287348 0.0015957 -2.46435e-20)
(0.0292311 0.00142085 0)
(0.02962 0.00118187 -4.9031e-21)
(0.0299627 0.000892941 0)
(0.0256806 9.27002e-05 1.52958e-20)
(0.0256916 0.000202567 4.05378e-23)
(0.0257533 0.000328399 -6.1628e-20)
(0.025859 0.000463874 -3.06869e-20)
(0.0260082 0.000606801 -3.04198e-20)
(0.0262033 0.000753826 3.1068e-20)
(0.0264454 0.000899735 -1.50574e-20)
(0.0267334 0.0010378 3.02735e-20)
(0.0270667 0.00116042 -4.03648e-22)
(0.0274445 0.00125869 -1.50499e-20)
(0.0278641 0.00132246 0)
(0.0283162 0.00134174 5.66941e-20)
(0.0287825 0.00130926 -5.86932e-20)
(0.029238 0.00122278 3.05802e-20)
(0.0296569 0.00108521 -8.20134e-22)
(0.0300051 0.000902858 3.48049e-23)
(0.0303041 0.00069405 7.7215e-22)
(0.026372 8.27772e-05 9.37238e-21)
(0.0263902 0.000173532 2.84399e-20)
(0.026444 0.000277646 0)
(0.0265328 0.000388785 1.90942e-20)
(0.0266578 0.000504608 3.78046e-20)
(0.0268211 0.000621898 1.9086e-20)
(0.0270246 0.000736016 1.89081e-20)
(0.0272689 0.000841557 -9.26571e-21)
(0.027554 0.000933027 9.43009e-21)
(0.0278788 0.00100423 0)
(0.0282394 0.00104807 0)
(0.0286271 0.00105735 0)
(0.0290285 0.00102651 0)
(0.029426 0.000954237 0)
(0.0298024 0.000843422 0)
(0.0301345 0.000698507 4.93249e-22)
(0.0304084 0.000543836 -4.88817e-22)
(0.0266605 7.26091e-05 -2.34221e-20)
(0.0266806 0.000147346 -1.1901e-20)
(0.0267254 0.000233145 0)
(0.0267987 0.000323941 5.91043e-20)
(0.0269031 0.000417781 -1.18527e-20)
(0.0270409 0.000511733 0)
(0.0272148 0.000601705 0)
(0.0274269 0.000683253 0)
(0.0276781 0.00075233 0)
(0.0279669 0.00080455 0)
(0.0282885 0.000834891 -4.30182e-20)
(0.0286342 0.00083804 -5.61412e-21)
(0.0289942 0.000809502 -4.14338e-20)
(0.0293567 0.000748472 0)
(0.0297101 0.000657691 -1.07955e-20)
(0.0300408 0.000539436 0)
(0.0303006 0.00042476 0)
(0.0266206 6.55259e-05 2.99346e-20)
(0.0266382 0.000127027 0)
(0.0266716 0.000197527 -1.51304e-20)
(0.0267286 0.000271421 -2.27768e-20)
(0.0268131 0.000347186 -7.59074e-21)
(0.0269279 0.000422155 7.51625e-21)
(0.0270766 0.000492775 -7.62877e-21)
(0.027263 0.000555426 0)
(0.0274888 0.000607181 0)
(0.027752 0.00064495 -2.9899e-20)
(0.0280468 0.000665155 3.30286e-20)
(0.0283644 0.00066381 -3.25495e-20)
(0.028698 0.000637236 2.82791e-20)
(0.0290407 0.000585058 0)
(0.029385 0.000510002 2.75691e-20)
(0.0297255 0.000411937 4.00743e-22)
(0.02998 0.000328078 -3.97937e-22)
(0.0262268 6.31012e-05 -1.94969e-20)
(0.0262386 0.000112768 0)
(0.0262592 0.000169782 3.31287e-23)
(0.0262997 0.000229072 -2.94829e-20)
(0.0263656 0.000289273 9.86917e-21)
(0.0264605 0.000347972 3.9307e-20)
(0.0265893 0.000402236 -3.9321e-20)
(0.0267575 0.000449237 0)
(0.0269672 0.000486938 0)
(0.027216 0.000513166 3.86754e-20)
(0.0274968 0.000525333 3.56691e-20)
(0.0278003 0.000520422 3.96048e-20)
(0.0281225 0.00049548 3.65559e-20)
(0.0284598 0.00045056 0)
(0.0288082 0.000388425 -3.54533e-20)
(0.0291698 0.000306691 0)
(0.029428 0.000246776 0)
(0.0253693 6.46873e-05 -6.36611e-21)
(0.0253798 0.000102487 1.29253e-20)
(0.0253948 0.000146741 3.21792e-20)
(0.0254283 0.000192736 3.20738e-20)
(0.0254869 0.000238901 -2.56377e-20)
(0.0255752 0.00028314 -8.3046e-20)
(0.0256994 0.000323207 2.55137e-20)
(0.0258662 0.000357017 0)
(0.0260777 0.000383193 2.52309e-20)
(0.0263307 0.000400171 0)
(0.0266165 0.000406023 4.89275e-20)
(0.026925 0.000398473 -4.79252e-20)
(0.0272535 0.000375257 -7.2058e-22)
(0.0276009 0.000336762 7.37091e-22)
(0.0279656 0.000285655 2.27502e-20)
(0.0283581 0.000217909 0)
(0.028627 0.000176488 1.03789e-20)
(0.0239765 6.51448e-05 -8.21444e-21)
(0.0240051 9.1049e-05 8.33276e-21)
(0.0240368 0.000123245 -2.07091e-20)
(0.024087 0.000157108 2.37495e-23)
(0.0241632 0.00019073 4.10602e-20)
(0.0242704 0.000222396 2.86185e-20)
(0.0244152 0.000250512 3.26104e-20)
(0.0246046 0.000273604 3.24593e-20)
(0.0248405 0.000290713 -3.02106e-20)
(0.0251185 0.000300664 -2.01126e-21)
(0.0254283 0.00030199 -6.05368e-20)
(0.0257584 0.000292991 5.93118e-20)
(0.0261059 0.000271993 0)
(0.0264719 0.000239574 0)
(0.026857 0.000198104 -2.2499e-22)
(0.0272809 0.000142925 1.16544e-22)
(0.0275566 0.000115706 1.20561e-22)
(0.022167 5.84288e-05 5.17562e-21)
(0.0222335 7.4083e-05 -2.63001e-20)
(0.0223023 9.60611e-05 0)
(0.0223891 0.000119709 0)
(0.0225018 0.000142941 0)
(0.0226453 0.000164447 0)
(0.0228259 0.000183162 -2.56036e-21)
(0.0230506 0.000198067 -3.85768e-20)
(0.0233208 0.000208468 0)
(0.0236307 0.00021348 4.0551e-20)
(0.023968 0.000211992 -4.12575e-20)
(0.0243186 0.000202733 6.48444e-22)
(0.0246795 0.000184476 1.21936e-21)
(0.0250533 0.000157876 -3.20027e-22)
(0.0254442 0.00012494 -9.76929e-21)
(0.0258815 8.16446e-05 -2.48798e-21)
(0.0261373 6.51091e-05 -1.80038e-20)
(0.0201019 4.4982e-05 1.30112e-20)
(0.0202081 5.29996e-05 1.6535e-20)
(0.0203144 6.71927e-05 -1.21029e-23)
(0.0204364 8.28772e-05 -3.30911e-21)
(0.0205829 9.80255e-05 2.97088e-20)
(0.020758 0.000111726 -3.32235e-21)
(0.0209677 0.000123323 0)
(0.0212183 0.000132159 0)
(0.0215102 0.000137763 -2.65456e-20)
(0.0218357 0.000139508 -5.2923e-20)
(0.0221793 0.000136569 5.26353e-20)
(0.0225236 0.000127968 8.02981e-22)
(0.0228643 0.000112833 -8.29835e-22)
(0.0232058 9.18561e-05 0)
(0.0235578 6.68038e-05 1.27932e-20)
(0.0239586 3.53237e-05 3.4075e-21)
(0.0241379 2.63862e-05 1.23395e-20)
(0.0177532 2.94476e-05 -8.46743e-21)
(0.0178836 3.20685e-05 6.46882e-21)
(0.0180095 4.05643e-05 -1.08299e-20)
(0.0181471 5.01979e-05 0)
(0.0183053 5.91635e-05 -5.25518e-20)
(0.0184874 6.69266e-05 0)
(0.0186977 7.31696e-05 2.20467e-21)
(0.0189414 7.75445e-05 -2.25903e-21)
(0.0192172 7.97778e-05 5.41448e-20)
(0.0195145 7.94855e-05 0)
(0.0198136 7.60899e-05 0)
(0.0200927 6.8846e-05 -5.57726e-22)
(0.0203457 5.7238e-05 5.79245e-22)
(0.020579 4.19995e-05 0)
(0.0208108 2.50251e-05 1.39788e-22)
(0.0210887 5.53933e-06 -1.43748e-22)
(0.0211214 1.10447e-06 -1.73546e-20)
(0.0148221 1.58632e-05 1.19974e-20)
(0.0149477 1.47254e-05 -3.0631e-21)
(0.0150609 1.8991e-05 1.84964e-20)
(0.0151788 2.40168e-05 -3.12185e-21)
(0.01531 2.83052e-05 2.51796e-20)
(0.0154548 3.16814e-05 0)
(0.0156145 3.41298e-05 0)
(0.015792 3.55859e-05 0)
(0.0159835 3.59498e-05 -2.71539e-20)
(0.0161758 3.50467e-05 8.38915e-22)
(0.0163457 3.24918e-05 2.66018e-20)
(0.0164675 2.77202e-05 0)
(0.0165347 2.05329e-05 0)
(0.0165601 1.15802e-05 1.32104e-20)
(0.0165754 2.83838e-06 0)
(0.0166584 -5.49452e-06 0)
(0.0165012 -8.40805e-06 -6.22088e-21)
(0.0105446 6.26371e-06 -4.784e-21)
(0.0106193 3.55481e-06 0)
(0.0106694 5.04606e-06 -1.47089e-20)
(0.0107143 6.96148e-06 0)
(0.0107595 8.22935e-06 0)
(0.0107999 8.93566e-06 1.24929e-21)
(0.0108341 9.25241e-06 -1.82557e-23)
(0.0108647 9.27283e-06 -2.54133e-21)
(0.01089 8.97977e-06 1.28532e-21)
(0.0109006 8.32832e-06 1.01296e-20)
(0.0108787 7.12121e-06 -2.00191e-20)
(0.0108046 5.05197e-06 0)
(0.0106768 2.1912e-06 -2.94282e-22)
(0.0105147 -1.01537e-06 -2.77334e-20)
(0.0103539 -3.25386e-06 -6.97699e-23)
(0.010294 -4.39101e-06 7.05609e-23)
(0.010053 -6.36699e-06 8.48313e-21)
(0.00396418 9.31208e-08 6.00072e-21)
(0.00397193 -6.45176e-07 -1.50185e-21)
(0.0039595 -2.17301e-07 7.48887e-21)
(0.00394462 2.44364e-07 0)
(0.00392809 5.36034e-07 0)
(0.00390405 7.52508e-07 0)
(0.00387347 9.49704e-07 1.38854e-21)
(0.00384095 1.14797e-06 -1.36817e-21)
(0.00380935 1.30652e-06 0)
(0.00377722 1.37847e-06 -1.00118e-20)
(0.00373902 1.27587e-06 -1.90185e-20)
(0.00368514 8.9341e-07 0)
(0.00361004 3.18753e-07 0)
(0.00351801 -2.58742e-07 7.8583e-21)
(0.00342223 -6.37968e-07 0)
(0.00338932 -3.63601e-07 0)
(0.00327591 -1.09361e-06 0)
)
;

boundaryField
{
    topWall
    {
        type            fixedValue;
        value           uniform (0 0 0);
    }
    bottomWall
    {
        type            fixedValue;
        value           uniform (0 0 0);
    }
    inlet
    {
        type            cyclic;
    }
    outlet
    {
        type            cyclic;
    }
    defaultFaces
    {
        type            empty;
    }
}


// ************************************************************************* //
