0  226
0  209
0  225
0  227
0  243
1  249
1  232
1  248
1  250
1  761
2  254
2  237
2  253
2  479
2  766
3  484
3  468
3  483
3  485
3  1010
4  489
4  473
4  488
4  490
4  1015
5  733
5  494
5  716
5  734
5  1245
6  40
6  23
6  39
6  41
6  57
7  124
7  107
7  123
7  125
7  141
8  158
8  141
8  157
8  159
8  175
9  28
9  11
9  27
9  29
9  45
10  130
10  113
10  129
10  131
10  147
11  164
11  147
11  163
11  165
11  181
12  517
12  500
12  516
12  518
12  534
13  619
13  602
13  618
13  620
13  636
14  653
14  636
14  652
14  654
14  670
15  539
15  522
15  538
15  540
15  556
16  625
16  608
16  624
16  626
16  642
17  676
17  659
17  675
17  677
17  693
