0.372782
0.218371
0.125288
0.197678
0.0858816
0.367614
0.145424
0.254503
0.143103
0.089357
0.716059
0.0502717
0.0902578
0.0923949
0.0510163
0.465896
0.0876471
0.240217
0.120698
0.0855422
0.465896
0.0876471
0.120698
0.240217
0.0855422
0.716059
0.0923949
0.0502717
0.0902578
0.0510163
0.244847
0.223519
0.188804
0.0742735
0.268556
0.23385
0.29097
0.0788476
0.23763
0.158702
0.290432
0.287398
0.0834832
0.195465
0.143221
0.265404
0.252679
0.0696696
0.143214
0.269034
0.366972
0.245323
0.0735276
0.121068
0.193109
0.522104
0.148551
0.076063
0.102407
0.150876
0.265404
0.252679
0.143214
0.0696696
0.269034
0.366972
0.245323
0.121068
0.0735276
0.193109
0.522104
0.148551
0.102407
0.076063
0.150876
0.243074
0.221618
0.0745462
0.193076
0.267686
0.264696
0.280636
0.19478
0.0794996
0.180388
0.218828
0.372666
0.222453
0.0819749
0.104078
