/*--------------------------------*- C++ -*----------------------------------*\
| =========                 |                                                 |
| \\      /  F ield         | OpenFOAM: The Open Source CFD Toolbox           |
|  \\    /   O peration     | Version:  2.3.x                                 |
|   \\  /    A nd           | Web:      www.OpenFOAM.org                      |
|    \\/     M anipulation  |                                                 |
\*---------------------------------------------------------------------------*/
FoamFile
{
    version     2.0;
    format      ascii;
    class       labelList;
    note        "nPoints: 3162 nCells: 1500 nFaces: 6080 nInternalFaces: 2920";
    location    "constant/polyMesh";
    object      neighbour;
}
// * * * * * * * * * * * * * * * * * * * * * * * * * * * * * * * * * * * * * //


2920
(
1
17
2
18
3
19
4
20
5
21
6
22
7
23
8
24
9
25
10
26
11
27
12
28
13
29
14
30
15
31
16
32
33
255
18
34
19
35
20
36
21
37
22
38
23
39
24
40
25
41
26
42
27
43
28
44
29
45
30
46
31
47
32
48
33
49
50
271
35
51
36
52
37
53
38
54
39
55
40
56
41
57
42
58
43
59
44
60
45
61
46
62
47
63
48
64
49
65
50
66
67
287
52
68
53
69
54
70
55
71
56
72
57
73
58
74
59
75
60
76
61
77
62
78
63
79
64
80
65
81
66
82
67
83
84
303
69
85
70
86
71
87
72
88
73
89
74
90
75
91
76
92
77
93
78
94
79
95
80
96
81
97
82
98
83
99
84
100
101
319
86
102
87
103
88
104
89
105
90
106
91
107
92
108
93
109
94
110
95
111
96
112
97
113
98
114
99
115
100
116
101
117
118
335
103
119
104
120
105
121
106
122
107
123
108
124
109
125
110
126
111
127
112
128
113
129
114
130
115
131
116
132
117
133
118
134
135
351
120
136
121
137
122
138
123
139
124
140
125
141
126
142
127
143
128
144
129
145
130
146
131
147
132
148
133
149
134
150
135
151
152
367
137
153
138
154
139
155
140
156
141
157
142
158
143
159
144
160
145
161
146
162
147
163
148
164
149
165
150
166
151
167
152
168
169
383
154
170
155
171
156
172
157
173
158
174
159
175
160
176
161
177
162
178
163
179
164
180
165
181
166
182
167
183
168
184
169
185
186
399
171
187
172
188
173
189
174
190
175
191
176
192
177
193
178
194
179
195
180
196
181
197
182
198
183
199
184
200
185
201
186
202
203
415
188
204
189
205
190
206
191
207
192
208
193
209
194
210
195
211
196
212
197
213
198
214
199
215
200
216
201
217
202
218
203
219
220
431
205
221
206
222
207
223
208
224
209
225
210
226
211
227
212
228
213
229
214
230
215
231
216
232
217
233
218
234
219
235
220
236
237
447
222
238
223
239
224
240
225
241
226
242
227
243
228
244
229
245
230
246
231
247
232
248
233
249
234
250
235
251
236
252
237
253
254
463
239
750
240
751
241
752
242
753
243
754
244
755
245
756
246
757
247
758
248
759
249
760
250
761
251
762
252
763
253
764
254
765
479
766
256
271
257
272
258
273
259
274
260
275
261
276
262
277
263
278
264
279
265
280
266
281
267
282
268
283
269
284
270
285
286
495
272
287
273
288
274
289
275
290
276
291
277
292
278
293
279
294
280
295
281
296
282
297
283
298
284
299
285
300
286
301
302
512
288
303
289
304
290
305
291
306
292
307
293
308
294
309
295
310
296
311
297
312
298
313
299
314
300
315
301
316
302
317
318
529
304
319
305
320
306
321
307
322
308
323
309
324
310
325
311
326
312
327
313
328
314
329
315
330
316
331
317
332
318
333
334
546
320
335
321
336
322
337
323
338
324
339
325
340
326
341
327
342
328
343
329
344
330
345
331
346
332
347
333
348
334
349
350
563
336
351
337
352
338
353
339
354
340
355
341
356
342
357
343
358
344
359
345
360
346
361
347
362
348
363
349
364
350
365
366
580
352
367
353
368
354
369
355
370
356
371
357
372
358
373
359
374
360
375
361
376
362
377
363
378
364
379
365
380
366
381
382
597
368
383
369
384
370
385
371
386
372
387
373
388
374
389
375
390
376
391
377
392
378
393
379
394
380
395
381
396
382
397
398
614
384
399
385
400
386
401
387
402
388
403
389
404
390
405
391
406
392
407
393
408
394
409
395
410
396
411
397
412
398
413
414
631
400
415
401
416
402
417
403
418
404
419
405
420
406
421
407
422
408
423
409
424
410
425
411
426
412
427
413
428
414
429
430
648
416
431
417
432
418
433
419
434
420
435
421
436
422
437
423
438
424
439
425
440
426
441
427
442
428
443
429
444
430
445
446
665
432
447
433
448
434
449
435
450
436
451
437
452
438
453
439
454
440
455
441
456
442
457
443
458
444
459
445
460
446
461
462
682
448
463
449
464
450
465
451
466
452
467
453
468
454
469
455
470
456
471
457
472
458
473
459
474
460
475
461
476
462
477
478
699
464
479
465
480
466
481
467
482
468
483
469
484
470
485
471
486
472
487
473
488
474
489
475
490
476
491
477
492
478
493
494
716
480
1005
481
1006
482
1007
483
1008
484
1009
485
1010
486
1011
487
1012
488
1013
489
1014
490
1015
491
1016
492
1017
493
1018
494
1019
733
1020
496
512
497
513
498
514
499
515
500
516
501
517
502
518
503
519
504
520
505
521
506
522
507
523
508
524
509
525
510
526
511
527
528
513
529
514
530
515
531
516
532
517
533
518
534
519
535
520
536
521
537
522
538
523
539
524
540
525
541
526
542
527
543
528
544
545
530
546
531
547
532
548
533
549
534
550
535
551
536
552
537
553
538
554
539
555
540
556
541
557
542
558
543
559
544
560
545
561
562
547
563
548
564
549
565
550
566
551
567
552
568
553
569
554
570
555
571
556
572
557
573
558
574
559
575
560
576
561
577
562
578
579
564
580
565
581
566
582
567
583
568
584
569
585
570
586
571
587
572
588
573
589
574
590
575
591
576
592
577
593
578
594
579
595
596
581
597
582
598
583
599
584
600
585
601
586
602
587
603
588
604
589
605
590
606
591
607
592
608
593
609
594
610
595
611
596
612
613
598
614
599
615
600
616
601
617
602
618
603
619
604
620
605
621
606
622
607
623
608
624
609
625
610
626
611
627
612
628
613
629
630
615
631
616
632
617
633
618
634
619
635
620
636
621
637
622
638
623
639
624
640
625
641
626
642
627
643
628
644
629
645
630
646
647
632
648
633
649
634
650
635
651
636
652
637
653
638
654
639
655
640
656
641
657
642
658
643
659
644
660
645
661
646
662
647
663
664
649
665
650
666
651
667
652
668
653
669
654
670
655
671
656
672
657
673
658
674
659
675
660
676
661
677
662
678
663
679
664
680
681
666
682
667
683
668
684
669
685
670
686
671
687
672
688
673
689
674
690
675
691
676
692
677
693
678
694
679
695
680
696
681
697
698
683
699
684
700
685
701
686
702
687
703
688
704
689
705
690
706
691
707
692
708
693
709
694
710
695
711
696
712
697
713
698
714
715
700
716
701
717
702
718
703
719
704
720
705
721
706
722
707
723
708
724
709
725
710
726
711
727
712
728
713
729
714
730
715
731
732
717
733
718
734
719
735
720
736
721
737
722
738
723
739
724
740
725
741
726
742
727
743
728
744
729
745
730
746
731
747
732
748
749
734
1245
735
1246
736
1247
737
1248
738
1249
739
1250
740
1251
741
1252
742
1253
743
1254
744
1255
745
1256
746
1257
747
1258
748
1259
749
1260
1261
751
767
752
768
753
769
754
770
755
771
756
772
757
773
758
774
759
775
760
776
761
777
762
778
763
779
764
780
765
781
766
782
783
1005
768
784
769
785
770
786
771
787
772
788
773
789
774
790
775
791
776
792
777
793
778
794
779
795
780
796
781
797
782
798
783
799
800
1021
785
801
786
802
787
803
788
804
789
805
790
806
791
807
792
808
793
809
794
810
795
811
796
812
797
813
798
814
799
815
800
816
817
1037
802
818
803
819
804
820
805
821
806
822
807
823
808
824
809
825
810
826
811
827
812
828
813
829
814
830
815
831
816
832
817
833
834
1053
819
835
820
836
821
837
822
838
823
839
824
840
825
841
826
842
827
843
828
844
829
845
830
846
831
847
832
848
833
849
834
850
851
1069
836
852
837
853
838
854
839
855
840
856
841
857
842
858
843
859
844
860
845
861
846
862
847
863
848
864
849
865
850
866
851
867
868
1085
853
869
854
870
855
871
856
872
857
873
858
874
859
875
860
876
861
877
862
878
863
879
864
880
865
881
866
882
867
883
868
884
885
1101
870
886
871
887
872
888
873
889
874
890
875
891
876
892
877
893
878
894
879
895
880
896
881
897
882
898
883
899
884
900
885
901
902
1117
887
903
888
904
889
905
890
906
891
907
892
908
893
909
894
910
895
911
896
912
897
913
898
914
899
915
900
916
901
917
902
918
919
1133
904
920
905
921
906
922
907
923
908
924
909
925
910
926
911
927
912
928
913
929
914
930
915
931
916
932
917
933
918
934
919
935
936
1149
921
937
922
938
923
939
924
940
925
941
926
942
927
943
928
944
929
945
930
946
931
947
932
948
933
949
934
950
935
951
936
952
953
1165
938
954
939
955
940
956
941
957
942
958
943
959
944
960
945
961
946
962
947
963
948
964
949
965
950
966
951
967
952
968
953
969
970
1181
955
971
956
972
957
973
958
974
959
975
960
976
961
977
962
978
963
979
964
980
965
981
966
982
967
983
968
984
969
985
970
986
987
1197
972
988
973
989
974
990
975
991
976
992
977
993
978
994
979
995
980
996
981
997
982
998
983
999
984
1000
985
1001
986
1002
987
1003
1004
1213
989
990
991
992
993
994
995
996
997
998
999
1000
1001
1002
1003
1004
1229
1006
1021
1007
1022
1008
1023
1009
1024
1010
1025
1011
1026
1012
1027
1013
1028
1014
1029
1015
1030
1016
1031
1017
1032
1018
1033
1019
1034
1020
1035
1036
1245
1022
1037
1023
1038
1024
1039
1025
1040
1026
1041
1027
1042
1028
1043
1029
1044
1030
1045
1031
1046
1032
1047
1033
1048
1034
1049
1035
1050
1036
1051
1052
1262
1038
1053
1039
1054
1040
1055
1041
1056
1042
1057
1043
1058
1044
1059
1045
1060
1046
1061
1047
1062
1048
1063
1049
1064
1050
1065
1051
1066
1052
1067
1068
1279
1054
1069
1055
1070
1056
1071
1057
1072
1058
1073
1059
1074
1060
1075
1061
1076
1062
1077
1063
1078
1064
1079
1065
1080
1066
1081
1067
1082
1068
1083
1084
1296
1070
1085
1071
1086
1072
1087
1073
1088
1074
1089
1075
1090
1076
1091
1077
1092
1078
1093
1079
1094
1080
1095
1081
1096
1082
1097
1083
1098
1084
1099
1100
1313
1086
1101
1087
1102
1088
1103
1089
1104
1090
1105
1091
1106
1092
1107
1093
1108
1094
1109
1095
1110
1096
1111
1097
1112
1098
1113
1099
1114
1100
1115
1116
1330
1102
1117
1103
1118
1104
1119
1105
1120
1106
1121
1107
1122
1108
1123
1109
1124
1110
1125
1111
1126
1112
1127
1113
1128
1114
1129
1115
1130
1116
1131
1132
1347
1118
1133
1119
1134
1120
1135
1121
1136
1122
1137
1123
1138
1124
1139
1125
1140
1126
1141
1127
1142
1128
1143
1129
1144
1130
1145
1131
1146
1132
1147
1148
1364
1134
1149
1135
1150
1136
1151
1137
1152
1138
1153
1139
1154
1140
1155
1141
1156
1142
1157
1143
1158
1144
1159
1145
1160
1146
1161
1147
1162
1148
1163
1164
1381
1150
1165
1151
1166
1152
1167
1153
1168
1154
1169
1155
1170
1156
1171
1157
1172
1158
1173
1159
1174
1160
1175
1161
1176
1162
1177
1163
1178
1164
1179
1180
1398
1166
1181
1167
1182
1168
1183
1169
1184
1170
1185
1171
1186
1172
1187
1173
1188
1174
1189
1175
1190
1176
1191
1177
1192
1178
1193
1179
1194
1180
1195
1196
1415
1182
1197
1183
1198
1184
1199
1185
1200
1186
1201
1187
1202
1188
1203
1189
1204
1190
1205
1191
1206
1192
1207
1193
1208
1194
1209
1195
1210
1196
1211
1212
1432
1198
1213
1199
1214
1200
1215
1201
1216
1202
1217
1203
1218
1204
1219
1205
1220
1206
1221
1207
1222
1208
1223
1209
1224
1210
1225
1211
1226
1212
1227
1228
1449
1214
1229
1215
1230
1216
1231
1217
1232
1218
1233
1219
1234
1220
1235
1221
1236
1222
1237
1223
1238
1224
1239
1225
1240
1226
1241
1227
1242
1228
1243
1244
1466
1230
1231
1232
1233
1234
1235
1236
1237
1238
1239
1240
1241
1242
1243
1244
1483
1246
1262
1247
1263
1248
1264
1249
1265
1250
1266
1251
1267
1252
1268
1253
1269
1254
1270
1255
1271
1256
1272
1257
1273
1258
1274
1259
1275
1260
1276
1261
1277
1278
1263
1279
1264
1280
1265
1281
1266
1282
1267
1283
1268
1284
1269
1285
1270
1286
1271
1287
1272
1288
1273
1289
1274
1290
1275
1291
1276
1292
1277
1293
1278
1294
1295
1280
1296
1281
1297
1282
1298
1283
1299
1284
1300
1285
1301
1286
1302
1287
1303
1288
1304
1289
1305
1290
1306
1291
1307
1292
1308
1293
1309
1294
1310
1295
1311
1312
1297
1313
1298
1314
1299
1315
1300
1316
1301
1317
1302
1318
1303
1319
1304
1320
1305
1321
1306
1322
1307
1323
1308
1324
1309
1325
1310
1326
1311
1327
1312
1328
1329
1314
1330
1315
1331
1316
1332
1317
1333
1318
1334
1319
1335
1320
1336
1321
1337
1322
1338
1323
1339
1324
1340
1325
1341
1326
1342
1327
1343
1328
1344
1329
1345
1346
1331
1347
1332
1348
1333
1349
1334
1350
1335
1351
1336
1352
1337
1353
1338
1354
1339
1355
1340
1356
1341
1357
1342
1358
1343
1359
1344
1360
1345
1361
1346
1362
1363
1348
1364
1349
1365
1350
1366
1351
1367
1352
1368
1353
1369
1354
1370
1355
1371
1356
1372
1357
1373
1358
1374
1359
1375
1360
1376
1361
1377
1362
1378
1363
1379
1380
1365
1381
1366
1382
1367
1383
1368
1384
1369
1385
1370
1386
1371
1387
1372
1388
1373
1389
1374
1390
1375
1391
1376
1392
1377
1393
1378
1394
1379
1395
1380
1396
1397
1382
1398
1383
1399
1384
1400
1385
1401
1386
1402
1387
1403
1388
1404
1389
1405
1390
1406
1391
1407
1392
1408
1393
1409
1394
1410
1395
1411
1396
1412
1397
1413
1414
1399
1415
1400
1416
1401
1417
1402
1418
1403
1419
1404
1420
1405
1421
1406
1422
1407
1423
1408
1424
1409
1425
1410
1426
1411
1427
1412
1428
1413
1429
1414
1430
1431
1416
1432
1417
1433
1418
1434
1419
1435
1420
1436
1421
1437
1422
1438
1423
1439
1424
1440
1425
1441
1426
1442
1427
1443
1428
1444
1429
1445
1430
1446
1431
1447
1448
1433
1449
1434
1450
1435
1451
1436
1452
1437
1453
1438
1454
1439
1455
1440
1456
1441
1457
1442
1458
1443
1459
1444
1460
1445
1461
1446
1462
1447
1463
1448
1464
1465
1450
1466
1451
1467
1452
1468
1453
1469
1454
1470
1455
1471
1456
1472
1457
1473
1458
1474
1459
1475
1460
1476
1461
1477
1462
1478
1463
1479
1464
1480
1465
1481
1482
1467
1483
1468
1484
1469
1485
1470
1486
1471
1487
1472
1488
1473
1489
1474
1490
1475
1491
1476
1492
1477
1493
1478
1494
1479
1495
1480
1496
1481
1497
1482
1498
1499
1484
1485
1486
1487
1488
1489
1490
1491
1492
1493
1494
1495
1496
1497
1498
1499
)


// ************************************************************************* //
