/*--------------------------------*- C++ -*----------------------------------*\
| =========                 |                                                 |
| \\      /  F ield         | OpenFOAM: The Open Source CFD Toolbox           |
|  \\    /   O peration     | Version:  2.3.x                                 |
|   \\  /    A nd           | Web:      www.OpenFOAM.org                      |
|    \\/     M anipulation  |                                                 |
\*---------------------------------------------------------------------------*/
FoamFile
{
    version     2.0;
    format      ascii;
    class       labelList;
    note        "nPoints: 3162 nCells: 1500 nFaces: 6080 nInternalFaces: 2920";
    location    "constant/polyMesh";
    object      owner;
}
// * * * * * * * * * * * * * * * * * * * * * * * * * * * * * * * * * * * * * //


6080
(
0
0
1
1
2
2
3
3
4
4
5
5
6
6
7
7
8
8
9
9
10
10
11
11
12
12
13
13
14
14
15
15
16
16
17
17
18
18
19
19
20
20
21
21
22
22
23
23
24
24
25
25
26
26
27
27
28
28
29
29
30
30
31
31
32
32
33
33
34
34
35
35
36
36
37
37
38
38
39
39
40
40
41
41
42
42
43
43
44
44
45
45
46
46
47
47
48
48
49
49
50
50
51
51
52
52
53
53
54
54
55
55
56
56
57
57
58
58
59
59
60
60
61
61
62
62
63
63
64
64
65
65
66
66
67
67
68
68
69
69
70
70
71
71
72
72
73
73
74
74
75
75
76
76
77
77
78
78
79
79
80
80
81
81
82
82
83
83
84
84
85
85
86
86
87
87
88
88
89
89
90
90
91
91
92
92
93
93
94
94
95
95
96
96
97
97
98
98
99
99
100
100
101
101
102
102
103
103
104
104
105
105
106
106
107
107
108
108
109
109
110
110
111
111
112
112
113
113
114
114
115
115
116
116
117
117
118
118
119
119
120
120
121
121
122
122
123
123
124
124
125
125
126
126
127
127
128
128
129
129
130
130
131
131
132
132
133
133
134
134
135
135
136
136
137
137
138
138
139
139
140
140
141
141
142
142
143
143
144
144
145
145
146
146
147
147
148
148
149
149
150
150
151
151
152
152
153
153
154
154
155
155
156
156
157
157
158
158
159
159
160
160
161
161
162
162
163
163
164
164
165
165
166
166
167
167
168
168
169
169
170
170
171
171
172
172
173
173
174
174
175
175
176
176
177
177
178
178
179
179
180
180
181
181
182
182
183
183
184
184
185
185
186
186
187
187
188
188
189
189
190
190
191
191
192
192
193
193
194
194
195
195
196
196
197
197
198
198
199
199
200
200
201
201
202
202
203
203
204
204
205
205
206
206
207
207
208
208
209
209
210
210
211
211
212
212
213
213
214
214
215
215
216
216
217
217
218
218
219
219
220
220
221
221
222
222
223
223
224
224
225
225
226
226
227
227
228
228
229
229
230
230
231
231
232
232
233
233
234
234
235
235
236
236
237
237
238
238
239
239
240
240
241
241
242
242
243
243
244
244
245
245
246
246
247
247
248
248
249
249
250
250
251
251
252
252
253
253
254
254
255
255
256
256
257
257
258
258
259
259
260
260
261
261
262
262
263
263
264
264
265
265
266
266
267
267
268
268
269
269
270
270
271
271
272
272
273
273
274
274
275
275
276
276
277
277
278
278
279
279
280
280
281
281
282
282
283
283
284
284
285
285
286
286
287
287
288
288
289
289
290
290
291
291
292
292
293
293
294
294
295
295
296
296
297
297
298
298
299
299
300
300
301
301
302
302
303
303
304
304
305
305
306
306
307
307
308
308
309
309
310
310
311
311
312
312
313
313
314
314
315
315
316
316
317
317
318
318
319
319
320
320
321
321
322
322
323
323
324
324
325
325
326
326
327
327
328
328
329
329
330
330
331
331
332
332
333
333
334
334
335
335
336
336
337
337
338
338
339
339
340
340
341
341
342
342
343
343
344
344
345
345
346
346
347
347
348
348
349
349
350
350
351
351
352
352
353
353
354
354
355
355
356
356
357
357
358
358
359
359
360
360
361
361
362
362
363
363
364
364
365
365
366
366
367
367
368
368
369
369
370
370
371
371
372
372
373
373
374
374
375
375
376
376
377
377
378
378
379
379
380
380
381
381
382
382
383
383
384
384
385
385
386
386
387
387
388
388
389
389
390
390
391
391
392
392
393
393
394
394
395
395
396
396
397
397
398
398
399
399
400
400
401
401
402
402
403
403
404
404
405
405
406
406
407
407
408
408
409
409
410
410
411
411
412
412
413
413
414
414
415
415
416
416
417
417
418
418
419
419
420
420
421
421
422
422
423
423
424
424
425
425
426
426
427
427
428
428
429
429
430
430
431
431
432
432
433
433
434
434
435
435
436
436
437
437
438
438
439
439
440
440
441
441
442
442
443
443
444
444
445
445
446
446
447
447
448
448
449
449
450
450
451
451
452
452
453
453
454
454
455
455
456
456
457
457
458
458
459
459
460
460
461
461
462
462
463
463
464
464
465
465
466
466
467
467
468
468
469
469
470
470
471
471
472
472
473
473
474
474
475
475
476
476
477
477
478
478
479
479
480
480
481
481
482
482
483
483
484
484
485
485
486
486
487
487
488
488
489
489
490
490
491
491
492
492
493
493
494
494
495
495
496
496
497
497
498
498
499
499
500
500
501
501
502
502
503
503
504
504
505
505
506
506
507
507
508
508
509
509
510
510
511
512
512
513
513
514
514
515
515
516
516
517
517
518
518
519
519
520
520
521
521
522
522
523
523
524
524
525
525
526
526
527
527
528
529
529
530
530
531
531
532
532
533
533
534
534
535
535
536
536
537
537
538
538
539
539
540
540
541
541
542
542
543
543
544
544
545
546
546
547
547
548
548
549
549
550
550
551
551
552
552
553
553
554
554
555
555
556
556
557
557
558
558
559
559
560
560
561
561
562
563
563
564
564
565
565
566
566
567
567
568
568
569
569
570
570
571
571
572
572
573
573
574
574
575
575
576
576
577
577
578
578
579
580
580
581
581
582
582
583
583
584
584
585
585
586
586
587
587
588
588
589
589
590
590
591
591
592
592
593
593
594
594
595
595
596
597
597
598
598
599
599
600
600
601
601
602
602
603
603
604
604
605
605
606
606
607
607
608
608
609
609
610
610
611
611
612
612
613
614
614
615
615
616
616
617
617
618
618
619
619
620
620
621
621
622
622
623
623
624
624
625
625
626
626
627
627
628
628
629
629
630
631
631
632
632
633
633
634
634
635
635
636
636
637
637
638
638
639
639
640
640
641
641
642
642
643
643
644
644
645
645
646
646
647
648
648
649
649
650
650
651
651
652
652
653
653
654
654
655
655
656
656
657
657
658
658
659
659
660
660
661
661
662
662
663
663
664
665
665
666
666
667
667
668
668
669
669
670
670
671
671
672
672
673
673
674
674
675
675
676
676
677
677
678
678
679
679
680
680
681
682
682
683
683
684
684
685
685
686
686
687
687
688
688
689
689
690
690
691
691
692
692
693
693
694
694
695
695
696
696
697
697
698
699
699
700
700
701
701
702
702
703
703
704
704
705
705
706
706
707
707
708
708
709
709
710
710
711
711
712
712
713
713
714
714
715
716
716
717
717
718
718
719
719
720
720
721
721
722
722
723
723
724
724
725
725
726
726
727
727
728
728
729
729
730
730
731
731
732
733
733
734
734
735
735
736
736
737
737
738
738
739
739
740
740
741
741
742
742
743
743
744
744
745
745
746
746
747
747
748
748
749
750
750
751
751
752
752
753
753
754
754
755
755
756
756
757
757
758
758
759
759
760
760
761
761
762
762
763
763
764
764
765
765
766
766
767
767
768
768
769
769
770
770
771
771
772
772
773
773
774
774
775
775
776
776
777
777
778
778
779
779
780
780
781
781
782
782
783
783
784
784
785
785
786
786
787
787
788
788
789
789
790
790
791
791
792
792
793
793
794
794
795
795
796
796
797
797
798
798
799
799
800
800
801
801
802
802
803
803
804
804
805
805
806
806
807
807
808
808
809
809
810
810
811
811
812
812
813
813
814
814
815
815
816
816
817
817
818
818
819
819
820
820
821
821
822
822
823
823
824
824
825
825
826
826
827
827
828
828
829
829
830
830
831
831
832
832
833
833
834
834
835
835
836
836
837
837
838
838
839
839
840
840
841
841
842
842
843
843
844
844
845
845
846
846
847
847
848
848
849
849
850
850
851
851
852
852
853
853
854
854
855
855
856
856
857
857
858
858
859
859
860
860
861
861
862
862
863
863
864
864
865
865
866
866
867
867
868
868
869
869
870
870
871
871
872
872
873
873
874
874
875
875
876
876
877
877
878
878
879
879
880
880
881
881
882
882
883
883
884
884
885
885
886
886
887
887
888
888
889
889
890
890
891
891
892
892
893
893
894
894
895
895
896
896
897
897
898
898
899
899
900
900
901
901
902
902
903
903
904
904
905
905
906
906
907
907
908
908
909
909
910
910
911
911
912
912
913
913
914
914
915
915
916
916
917
917
918
918
919
919
920
920
921
921
922
922
923
923
924
924
925
925
926
926
927
927
928
928
929
929
930
930
931
931
932
932
933
933
934
934
935
935
936
936
937
937
938
938
939
939
940
940
941
941
942
942
943
943
944
944
945
945
946
946
947
947
948
948
949
949
950
950
951
951
952
952
953
953
954
954
955
955
956
956
957
957
958
958
959
959
960
960
961
961
962
962
963
963
964
964
965
965
966
966
967
967
968
968
969
969
970
970
971
971
972
972
973
973
974
974
975
975
976
976
977
977
978
978
979
979
980
980
981
981
982
982
983
983
984
984
985
985
986
986
987
987
988
989
990
991
992
993
994
995
996
997
998
999
1000
1001
1002
1003
1004
1005
1005
1006
1006
1007
1007
1008
1008
1009
1009
1010
1010
1011
1011
1012
1012
1013
1013
1014
1014
1015
1015
1016
1016
1017
1017
1018
1018
1019
1019
1020
1020
1021
1021
1022
1022
1023
1023
1024
1024
1025
1025
1026
1026
1027
1027
1028
1028
1029
1029
1030
1030
1031
1031
1032
1032
1033
1033
1034
1034
1035
1035
1036
1036
1037
1037
1038
1038
1039
1039
1040
1040
1041
1041
1042
1042
1043
1043
1044
1044
1045
1045
1046
1046
1047
1047
1048
1048
1049
1049
1050
1050
1051
1051
1052
1052
1053
1053
1054
1054
1055
1055
1056
1056
1057
1057
1058
1058
1059
1059
1060
1060
1061
1061
1062
1062
1063
1063
1064
1064
1065
1065
1066
1066
1067
1067
1068
1068
1069
1069
1070
1070
1071
1071
1072
1072
1073
1073
1074
1074
1075
1075
1076
1076
1077
1077
1078
1078
1079
1079
1080
1080
1081
1081
1082
1082
1083
1083
1084
1084
1085
1085
1086
1086
1087
1087
1088
1088
1089
1089
1090
1090
1091
1091
1092
1092
1093
1093
1094
1094
1095
1095
1096
1096
1097
1097
1098
1098
1099
1099
1100
1100
1101
1101
1102
1102
1103
1103
1104
1104
1105
1105
1106
1106
1107
1107
1108
1108
1109
1109
1110
1110
1111
1111
1112
1112
1113
1113
1114
1114
1115
1115
1116
1116
1117
1117
1118
1118
1119
1119
1120
1120
1121
1121
1122
1122
1123
1123
1124
1124
1125
1125
1126
1126
1127
1127
1128
1128
1129
1129
1130
1130
1131
1131
1132
1132
1133
1133
1134
1134
1135
1135
1136
1136
1137
1137
1138
1138
1139
1139
1140
1140
1141
1141
1142
1142
1143
1143
1144
1144
1145
1145
1146
1146
1147
1147
1148
1148
1149
1149
1150
1150
1151
1151
1152
1152
1153
1153
1154
1154
1155
1155
1156
1156
1157
1157
1158
1158
1159
1159
1160
1160
1161
1161
1162
1162
1163
1163
1164
1164
1165
1165
1166
1166
1167
1167
1168
1168
1169
1169
1170
1170
1171
1171
1172
1172
1173
1173
1174
1174
1175
1175
1176
1176
1177
1177
1178
1178
1179
1179
1180
1180
1181
1181
1182
1182
1183
1183
1184
1184
1185
1185
1186
1186
1187
1187
1188
1188
1189
1189
1190
1190
1191
1191
1192
1192
1193
1193
1194
1194
1195
1195
1196
1196
1197
1197
1198
1198
1199
1199
1200
1200
1201
1201
1202
1202
1203
1203
1204
1204
1205
1205
1206
1206
1207
1207
1208
1208
1209
1209
1210
1210
1211
1211
1212
1212
1213
1213
1214
1214
1215
1215
1216
1216
1217
1217
1218
1218
1219
1219
1220
1220
1221
1221
1222
1222
1223
1223
1224
1224
1225
1225
1226
1226
1227
1227
1228
1228
1229
1230
1231
1232
1233
1234
1235
1236
1237
1238
1239
1240
1241
1242
1243
1244
1245
1245
1246
1246
1247
1247
1248
1248
1249
1249
1250
1250
1251
1251
1252
1252
1253
1253
1254
1254
1255
1255
1256
1256
1257
1257
1258
1258
1259
1259
1260
1260
1261
1262
1262
1263
1263
1264
1264
1265
1265
1266
1266
1267
1267
1268
1268
1269
1269
1270
1270
1271
1271
1272
1272
1273
1273
1274
1274
1275
1275
1276
1276
1277
1277
1278
1279
1279
1280
1280
1281
1281
1282
1282
1283
1283
1284
1284
1285
1285
1286
1286
1287
1287
1288
1288
1289
1289
1290
1290
1291
1291
1292
1292
1293
1293
1294
1294
1295
1296
1296
1297
1297
1298
1298
1299
1299
1300
1300
1301
1301
1302
1302
1303
1303
1304
1304
1305
1305
1306
1306
1307
1307
1308
1308
1309
1309
1310
1310
1311
1311
1312
1313
1313
1314
1314
1315
1315
1316
1316
1317
1317
1318
1318
1319
1319
1320
1320
1321
1321
1322
1322
1323
1323
1324
1324
1325
1325
1326
1326
1327
1327
1328
1328
1329
1330
1330
1331
1331
1332
1332
1333
1333
1334
1334
1335
1335
1336
1336
1337
1337
1338
1338
1339
1339
1340
1340
1341
1341
1342
1342
1343
1343
1344
1344
1345
1345
1346
1347
1347
1348
1348
1349
1349
1350
1350
1351
1351
1352
1352
1353
1353
1354
1354
1355
1355
1356
1356
1357
1357
1358
1358
1359
1359
1360
1360
1361
1361
1362
1362
1363
1364
1364
1365
1365
1366
1366
1367
1367
1368
1368
1369
1369
1370
1370
1371
1371
1372
1372
1373
1373
1374
1374
1375
1375
1376
1376
1377
1377
1378
1378
1379
1379
1380
1381
1381
1382
1382
1383
1383
1384
1384
1385
1385
1386
1386
1387
1387
1388
1388
1389
1389
1390
1390
1391
1391
1392
1392
1393
1393
1394
1394
1395
1395
1396
1396
1397
1398
1398
1399
1399
1400
1400
1401
1401
1402
1402
1403
1403
1404
1404
1405
1405
1406
1406
1407
1407
1408
1408
1409
1409
1410
1410
1411
1411
1412
1412
1413
1413
1414
1415
1415
1416
1416
1417
1417
1418
1418
1419
1419
1420
1420
1421
1421
1422
1422
1423
1423
1424
1424
1425
1425
1426
1426
1427
1427
1428
1428
1429
1429
1430
1430
1431
1432
1432
1433
1433
1434
1434
1435
1435
1436
1436
1437
1437
1438
1438
1439
1439
1440
1440
1441
1441
1442
1442
1443
1443
1444
1444
1445
1445
1446
1446
1447
1447
1448
1449
1449
1450
1450
1451
1451
1452
1452
1453
1453
1454
1454
1455
1455
1456
1456
1457
1457
1458
1458
1459
1459
1460
1460
1461
1461
1462
1462
1463
1463
1464
1464
1465
1466
1466
1467
1467
1468
1468
1469
1469
1470
1470
1471
1471
1472
1472
1473
1473
1474
1474
1475
1475
1476
1476
1477
1477
1478
1478
1479
1479
1480
1480
1481
1481
1482
1483
1484
1485
1486
1487
1488
1489
1490
1491
1492
1493
1494
1495
1496
1497
1498
988
989
990
991
992
993
994
995
996
997
998
999
1000
1001
1002
1003
1004
1229
1230
1231
1232
1233
1234
1235
1236
1237
1238
1239
1240
1241
1242
1243
1244
1483
1484
1485
1486
1487
1488
1489
1490
1491
1492
1493
1494
1495
1496
1497
1498
1499
0
1
2
3
4
5
6
7
8
9
10
11
12
13
14
15
16
255
256
257
258
259
260
261
262
263
264
265
266
267
268
269
270
495
496
497
498
499
500
501
502
503
504
505
506
507
508
509
510
511
0
17
34
51
68
85
102
119
136
153
170
187
204
221
238
750
767
784
801
818
835
852
869
886
903
920
937
954
971
988
511
528
545
562
579
596
613
630
647
664
681
698
715
732
749
1261
1278
1295
1312
1329
1346
1363
1380
1397
1414
1431
1448
1465
1482
1499
0
17
34
51
68
85
102
119
136
153
170
187
204
221
238
1
18
35
52
69
86
103
120
137
154
171
188
205
222
239
2
19
36
53
70
87
104
121
138
155
172
189
206
223
240
3
20
37
54
71
88
105
122
139
156
173
190
207
224
241
4
21
38
55
72
89
106
123
140
157
174
191
208
225
242
5
22
39
56
73
90
107
124
141
158
175
192
209
226
243
6
23
40
57
74
91
108
125
142
159
176
193
210
227
244
7
24
41
58
75
92
109
126
143
160
177
194
211
228
245
8
25
42
59
76
93
110
127
144
161
178
195
212
229
246
9
26
43
60
77
94
111
128
145
162
179
196
213
230
247
10
27
44
61
78
95
112
129
146
163
180
197
214
231
248
11
28
45
62
79
96
113
130
147
164
181
198
215
232
249
12
29
46
63
80
97
114
131
148
165
182
199
216
233
250
13
30
47
64
81
98
115
132
149
166
183
200
217
234
251
14
31
48
65
82
99
116
133
150
167
184
201
218
235
252
15
32
49
66
83
100
117
134
151
168
185
202
219
236
253
16
33
50
67
84
101
118
135
152
169
186
203
220
237
254
0
17
34
51
68
85
102
119
136
153
170
187
204
221
238
1
18
35
52
69
86
103
120
137
154
171
188
205
222
239
2
19
36
53
70
87
104
121
138
155
172
189
206
223
240
3
20
37
54
71
88
105
122
139
156
173
190
207
224
241
4
21
38
55
72
89
106
123
140
157
174
191
208
225
242
5
22
39
56
73
90
107
124
141
158
175
192
209
226
243
6
23
40
57
74
91
108
125
142
159
176
193
210
227
244
7
24
41
58
75
92
109
126
143
160
177
194
211
228
245
8
25
42
59
76
93
110
127
144
161
178
195
212
229
246
9
26
43
60
77
94
111
128
145
162
179
196
213
230
247
10
27
44
61
78
95
112
129
146
163
180
197
214
231
248
11
28
45
62
79
96
113
130
147
164
181
198
215
232
249
12
29
46
63
80
97
114
131
148
165
182
199
216
233
250
13
30
47
64
81
98
115
132
149
166
183
200
217
234
251
14
31
48
65
82
99
116
133
150
167
184
201
218
235
252
15
32
49
66
83
100
117
134
151
168
185
202
219
236
253
16
33
50
67
84
101
118
135
152
169
186
203
220
237
254
255
271
287
303
319
335
351
367
383
399
415
431
447
463
479
256
272
288
304
320
336
352
368
384
400
416
432
448
464
480
257
273
289
305
321
337
353
369
385
401
417
433
449
465
481
258
274
290
306
322
338
354
370
386
402
418
434
450
466
482
259
275
291
307
323
339
355
371
387
403
419
435
451
467
483
260
276
292
308
324
340
356
372
388
404
420
436
452
468
484
261
277
293
309
325
341
357
373
389
405
421
437
453
469
485
262
278
294
310
326
342
358
374
390
406
422
438
454
470
486
263
279
295
311
327
343
359
375
391
407
423
439
455
471
487
264
280
296
312
328
344
360
376
392
408
424
440
456
472
488
265
281
297
313
329
345
361
377
393
409
425
441
457
473
489
266
282
298
314
330
346
362
378
394
410
426
442
458
474
490
267
283
299
315
331
347
363
379
395
411
427
443
459
475
491
268
284
300
316
332
348
364
380
396
412
428
444
460
476
492
269
285
301
317
333
349
365
381
397
413
429
445
461
477
493
270
286
302
318
334
350
366
382
398
414
430
446
462
478
494
255
271
287
303
319
335
351
367
383
399
415
431
447
463
479
256
272
288
304
320
336
352
368
384
400
416
432
448
464
480
257
273
289
305
321
337
353
369
385
401
417
433
449
465
481
258
274
290
306
322
338
354
370
386
402
418
434
450
466
482
259
275
291
307
323
339
355
371
387
403
419
435
451
467
483
260
276
292
308
324
340
356
372
388
404
420
436
452
468
484
261
277
293
309
325
341
357
373
389
405
421
437
453
469
485
262
278
294
310
326
342
358
374
390
406
422
438
454
470
486
263
279
295
311
327
343
359
375
391
407
423
439
455
471
487
264
280
296
312
328
344
360
376
392
408
424
440
456
472
488
265
281
297
313
329
345
361
377
393
409
425
441
457
473
489
266
282
298
314
330
346
362
378
394
410
426
442
458
474
490
267
283
299
315
331
347
363
379
395
411
427
443
459
475
491
268
284
300
316
332
348
364
380
396
412
428
444
460
476
492
269
285
301
317
333
349
365
381
397
413
429
445
461
477
493
270
286
302
318
334
350
366
382
398
414
430
446
462
478
494
495
512
529
546
563
580
597
614
631
648
665
682
699
716
733
496
513
530
547
564
581
598
615
632
649
666
683
700
717
734
497
514
531
548
565
582
599
616
633
650
667
684
701
718
735
498
515
532
549
566
583
600
617
634
651
668
685
702
719
736
499
516
533
550
567
584
601
618
635
652
669
686
703
720
737
500
517
534
551
568
585
602
619
636
653
670
687
704
721
738
501
518
535
552
569
586
603
620
637
654
671
688
705
722
739
502
519
536
553
570
587
604
621
638
655
672
689
706
723
740
503
520
537
554
571
588
605
622
639
656
673
690
707
724
741
504
521
538
555
572
589
606
623
640
657
674
691
708
725
742
505
522
539
556
573
590
607
624
641
658
675
692
709
726
743
506
523
540
557
574
591
608
625
642
659
676
693
710
727
744
507
524
541
558
575
592
609
626
643
660
677
694
711
728
745
508
525
542
559
576
593
610
627
644
661
678
695
712
729
746
509
526
543
560
577
594
611
628
645
662
679
696
713
730
747
510
527
544
561
578
595
612
629
646
663
680
697
714
731
748
511
528
545
562
579
596
613
630
647
664
681
698
715
732
749
495
512
529
546
563
580
597
614
631
648
665
682
699
716
733
496
513
530
547
564
581
598
615
632
649
666
683
700
717
734
497
514
531
548
565
582
599
616
633
650
667
684
701
718
735
498
515
532
549
566
583
600
617
634
651
668
685
702
719
736
499
516
533
550
567
584
601
618
635
652
669
686
703
720
737
500
517
534
551
568
585
602
619
636
653
670
687
704
721
738
501
518
535
552
569
586
603
620
637
654
671
688
705
722
739
502
519
536
553
570
587
604
621
638
655
672
689
706
723
740
503
520
537
554
571
588
605
622
639
656
673
690
707
724
741
504
521
538
555
572
589
606
623
640
657
674
691
708
725
742
505
522
539
556
573
590
607
624
641
658
675
692
709
726
743
506
523
540
557
574
591
608
625
642
659
676
693
710
727
744
507
524
541
558
575
592
609
626
643
660
677
694
711
728
745
508
525
542
559
576
593
610
627
644
661
678
695
712
729
746
509
526
543
560
577
594
611
628
645
662
679
696
713
730
747
510
527
544
561
578
595
612
629
646
663
680
697
714
731
748
511
528
545
562
579
596
613
630
647
664
681
698
715
732
749
750
767
784
801
818
835
852
869
886
903
920
937
954
971
988
751
768
785
802
819
836
853
870
887
904
921
938
955
972
989
752
769
786
803
820
837
854
871
888
905
922
939
956
973
990
753
770
787
804
821
838
855
872
889
906
923
940
957
974
991
754
771
788
805
822
839
856
873
890
907
924
941
958
975
992
755
772
789
806
823
840
857
874
891
908
925
942
959
976
993
756
773
790
807
824
841
858
875
892
909
926
943
960
977
994
757
774
791
808
825
842
859
876
893
910
927
944
961
978
995
758
775
792
809
826
843
860
877
894
911
928
945
962
979
996
759
776
793
810
827
844
861
878
895
912
929
946
963
980
997
760
777
794
811
828
845
862
879
896
913
930
947
964
981
998
761
778
795
812
829
846
863
880
897
914
931
948
965
982
999
762
779
796
813
830
847
864
881
898
915
932
949
966
983
1000
763
780
797
814
831
848
865
882
899
916
933
950
967
984
1001
764
781
798
815
832
849
866
883
900
917
934
951
968
985
1002
765
782
799
816
833
850
867
884
901
918
935
952
969
986
1003
766
783
800
817
834
851
868
885
902
919
936
953
970
987
1004
750
767
784
801
818
835
852
869
886
903
920
937
954
971
988
751
768
785
802
819
836
853
870
887
904
921
938
955
972
989
752
769
786
803
820
837
854
871
888
905
922
939
956
973
990
753
770
787
804
821
838
855
872
889
906
923
940
957
974
991
754
771
788
805
822
839
856
873
890
907
924
941
958
975
992
755
772
789
806
823
840
857
874
891
908
925
942
959
976
993
756
773
790
807
824
841
858
875
892
909
926
943
960
977
994
757
774
791
808
825
842
859
876
893
910
927
944
961
978
995
758
775
792
809
826
843
860
877
894
911
928
945
962
979
996
759
776
793
810
827
844
861
878
895
912
929
946
963
980
997
760
777
794
811
828
845
862
879
896
913
930
947
964
981
998
761
778
795
812
829
846
863
880
897
914
931
948
965
982
999
762
779
796
813
830
847
864
881
898
915
932
949
966
983
1000
763
780
797
814
831
848
865
882
899
916
933
950
967
984
1001
764
781
798
815
832
849
866
883
900
917
934
951
968
985
1002
765
782
799
816
833
850
867
884
901
918
935
952
969
986
1003
766
783
800
817
834
851
868
885
902
919
936
953
970
987
1004
1005
1021
1037
1053
1069
1085
1101
1117
1133
1149
1165
1181
1197
1213
1229
1006
1022
1038
1054
1070
1086
1102
1118
1134
1150
1166
1182
1198
1214
1230
1007
1023
1039
1055
1071
1087
1103
1119
1135
1151
1167
1183
1199
1215
1231
1008
1024
1040
1056
1072
1088
1104
1120
1136
1152
1168
1184
1200
1216
1232
1009
1025
1041
1057
1073
1089
1105
1121
1137
1153
1169
1185
1201
1217
1233
1010
1026
1042
1058
1074
1090
1106
1122
1138
1154
1170
1186
1202
1218
1234
1011
1027
1043
1059
1075
1091
1107
1123
1139
1155
1171
1187
1203
1219
1235
1012
1028
1044
1060
1076
1092
1108
1124
1140
1156
1172
1188
1204
1220
1236
1013
1029
1045
1061
1077
1093
1109
1125
1141
1157
1173
1189
1205
1221
1237
1014
1030
1046
1062
1078
1094
1110
1126
1142
1158
1174
1190
1206
1222
1238
1015
1031
1047
1063
1079
1095
1111
1127
1143
1159
1175
1191
1207
1223
1239
1016
1032
1048
1064
1080
1096
1112
1128
1144
1160
1176
1192
1208
1224
1240
1017
1033
1049
1065
1081
1097
1113
1129
1145
1161
1177
1193
1209
1225
1241
1018
1034
1050
1066
1082
1098
1114
1130
1146
1162
1178
1194
1210
1226
1242
1019
1035
1051
1067
1083
1099
1115
1131
1147
1163
1179
1195
1211
1227
1243
1020
1036
1052
1068
1084
1100
1116
1132
1148
1164
1180
1196
1212
1228
1244
1005
1021
1037
1053
1069
1085
1101
1117
1133
1149
1165
1181
1197
1213
1229
1006
1022
1038
1054
1070
1086
1102
1118
1134
1150
1166
1182
1198
1214
1230
1007
1023
1039
1055
1071
1087
1103
1119
1135
1151
1167
1183
1199
1215
1231
1008
1024
1040
1056
1072
1088
1104
1120
1136
1152
1168
1184
1200
1216
1232
1009
1025
1041
1057
1073
1089
1105
1121
1137
1153
1169
1185
1201
1217
1233
1010
1026
1042
1058
1074
1090
1106
1122
1138
1154
1170
1186
1202
1218
1234
1011
1027
1043
1059
1075
1091
1107
1123
1139
1155
1171
1187
1203
1219
1235
1012
1028
1044
1060
1076
1092
1108
1124
1140
1156
1172
1188
1204
1220
1236
1013
1029
1045
1061
1077
1093
1109
1125
1141
1157
1173
1189
1205
1221
1237
1014
1030
1046
1062
1078
1094
1110
1126
1142
1158
1174
1190
1206
1222
1238
1015
1031
1047
1063
1079
1095
1111
1127
1143
1159
1175
1191
1207
1223
1239
1016
1032
1048
1064
1080
1096
1112
1128
1144
1160
1176
1192
1208
1224
1240
1017
1033
1049
1065
1081
1097
1113
1129
1145
1161
1177
1193
1209
1225
1241
1018
1034
1050
1066
1082
1098
1114
1130
1146
1162
1178
1194
1210
1226
1242
1019
1035
1051
1067
1083
1099
1115
1131
1147
1163
1179
1195
1211
1227
1243
1020
1036
1052
1068
1084
1100
1116
1132
1148
1164
1180
1196
1212
1228
1244
1245
1262
1279
1296
1313
1330
1347
1364
1381
1398
1415
1432
1449
1466
1483
1246
1263
1280
1297
1314
1331
1348
1365
1382
1399
1416
1433
1450
1467
1484
1247
1264
1281
1298
1315
1332
1349
1366
1383
1400
1417
1434
1451
1468
1485
1248
1265
1282
1299
1316
1333
1350
1367
1384
1401
1418
1435
1452
1469
1486
1249
1266
1283
1300
1317
1334
1351
1368
1385
1402
1419
1436
1453
1470
1487
1250
1267
1284
1301
1318
1335
1352
1369
1386
1403
1420
1437
1454
1471
1488
1251
1268
1285
1302
1319
1336
1353
1370
1387
1404
1421
1438
1455
1472
1489
1252
1269
1286
1303
1320
1337
1354
1371
1388
1405
1422
1439
1456
1473
1490
1253
1270
1287
1304
1321
1338
1355
1372
1389
1406
1423
1440
1457
1474
1491
1254
1271
1288
1305
1322
1339
1356
1373
1390
1407
1424
1441
1458
1475
1492
1255
1272
1289
1306
1323
1340
1357
1374
1391
1408
1425
1442
1459
1476
1493
1256
1273
1290
1307
1324
1341
1358
1375
1392
1409
1426
1443
1460
1477
1494
1257
1274
1291
1308
1325
1342
1359
1376
1393
1410
1427
1444
1461
1478
1495
1258
1275
1292
1309
1326
1343
1360
1377
1394
1411
1428
1445
1462
1479
1496
1259
1276
1293
1310
1327
1344
1361
1378
1395
1412
1429
1446
1463
1480
1497
1260
1277
1294
1311
1328
1345
1362
1379
1396
1413
1430
1447
1464
1481
1498
1261
1278
1295
1312
1329
1346
1363
1380
1397
1414
1431
1448
1465
1482
1499
1245
1262
1279
1296
1313
1330
1347
1364
1381
1398
1415
1432
1449
1466
1483
1246
1263
1280
1297
1314
1331
1348
1365
1382
1399
1416
1433
1450
1467
1484
1247
1264
1281
1298
1315
1332
1349
1366
1383
1400
1417
1434
1451
1468
1485
1248
1265
1282
1299
1316
1333
1350
1367
1384
1401
1418
1435
1452
1469
1486
1249
1266
1283
1300
1317
1334
1351
1368
1385
1402
1419
1436
1453
1470
1487
1250
1267
1284
1301
1318
1335
1352
1369
1386
1403
1420
1437
1454
1471
1488
1251
1268
1285
1302
1319
1336
1353
1370
1387
1404
1421
1438
1455
1472
1489
1252
1269
1286
1303
1320
1337
1354
1371
1388
1405
1422
1439
1456
1473
1490
1253
1270
1287
1304
1321
1338
1355
1372
1389
1406
1423
1440
1457
1474
1491
1254
1271
1288
1305
1322
1339
1356
1373
1390
1407
1424
1441
1458
1475
1492
1255
1272
1289
1306
1323
1340
1357
1374
1391
1408
1425
1442
1459
1476
1493
1256
1273
1290
1307
1324
1341
1358
1375
1392
1409
1426
1443
1460
1477
1494
1257
1274
1291
1308
1325
1342
1359
1376
1393
1410
1427
1444
1461
1478
1495
1258
1275
1292
1309
1326
1343
1360
1377
1394
1411
1428
1445
1462
1479
1496
1259
1276
1293
1310
1327
1344
1361
1378
1395
1412
1429
1446
1463
1480
1497
1260
1277
1294
1311
1328
1345
1362
1379
1396
1413
1430
1447
1464
1481
1498
1261
1278
1295
1312
1329
1346
1363
1380
1397
1414
1431
1448
1465
1482
1499
)


// ************************************************************************* //
