/*--------------------------------*- C++ -*----------------------------------*\
| =========                 |                                                 |
| \\      /  F ield         | OpenFOAM: The Open Source CFD Toolbox           |
|  \\    /   O peration     | Version:  2.3.x                                 |
|   \\  /    A nd           | Web:      www.OpenFOAM.org                      |
|    \\/     M anipulation  |                                                 |
\*---------------------------------------------------------------------------*/
FoamFile
{
    version     2.0;
    format      ascii;
    class       vectorField;
    location    "constant/polyMesh";
    object      points;
}
// * * * * * * * * * * * * * * * * * * * * * * * * * * * * * * * * * * * * * //


3162
(
(0 1 0)
(0.1932871039 0.9941054604 0)
(0.3764169795 0.9381904054 0)
(0.537985671 0.8281303388 0)
(0.6879058766 0.7018638058 0)
(0.8370471477 0.5769165452 0)
(0.9892117765 0.4564344607 0)
(1.143099515 0.3378690768 0)
(1.300362258 0.2233098106 0)
(1.466331647 0.1222887561 0)
(1.644893188 0.04637482239 0)
(1.838624678 0.004526216035 0)
(2.023735791 0 0)
(2.2229187 0 0)
(2.417189025 0 0)
(2.611540206 0 0)
(2.807150372 0 0)
(3 0 0)
(0 1.007068205 0)
(0.193226795 1.001084552 0)
(0.3763793524 0.945526373 0)
(0.5381133969 0.8361059711 0)
(0.6882641587 0.7104822302 0)
(0.8376281565 0.5861000449 0)
(0.9899867565 0.4661231201 0)
(1.144057574 0.3480541797 0)
(1.301483207 0.2339763697 0)
(1.467556941 0.1333506437 0)
(1.646136631 0.05766280865 0)
(1.839783489 0.0158134075 0)
(2.024874774 0.01105161583 0)
(2.223948091 0.01082339252 0)
(2.418150369 0.01064390603 0)
(2.612438912 0.01051479822 0)
(2.807982051 0.0104379995 0)
(3.000694323 0.01053981839 0)
(0 1.016131482 0)
(0.1931494632 1.010033562 0)
(0.3763311046 0.9549329915 0)
(0.5382771748 0.8463328061 0)
(0.6887235695 0.721533292 0)
(0.8383731608 0.59787568 0)
(0.9909804823 0.4785465015 0)
(1.145286055 0.3611141307 0)
(1.302920555 0.2476536728 0)
(1.469128086 0.1475348607 0)
(1.647731047 0.07213694305 0)
(1.841269386 0.03028652275 0)
(2.026335247 0.02522266186 0)
(2.225268038 0.02470179689 0)
(2.419383063 0.02429216203 0)
(2.613591285 0.02399750444 0)
(2.80904848 0.02382222977 0)
(3.001584625 0.02405460697 0)
(0 1.027752961 0)
(0.1930503038 1.021508521 0)
(0.3762692384 0.9669947232 0)
(0.5384871806 0.8594462687 0)
(0.6893126536 0.7357036275 0)
(0.8393284502 0.6129751071 0)
(0.9922546974 0.4944765077 0)
(1.146861288 0.3778603848 0)
(1.304763609 0.2651915328 0)
(1.471142703 0.1657227164 0)
(1.649775504 0.09069654806 0)
(1.843174693 0.04884482097 0)
(2.028207952 0.04339362875 0)
(2.226960553 0.04249752107 0)
(2.420963697 0.04179277615 0)
(2.615068928 0.04128584067 0)
(2.810415918 0.04098429422 0)
(3.002726224 0.04138408113 0)
(0 1.042654719 0)
(0.1929231556 1.036222403 0)
(0.3761899099 0.9824610003 0)
(0.5387564627 0.8762611385 0)
(0.6900680128 0.7538736833 0)
(0.8405533796 0.6323365 0)
(0.9938885726 0.5149029191 0)
(1.148881146 0.3993334383 0)
(1.307126884 0.287679631 0)
(1.473725965 0.1890442779 0)
(1.65239703 0.114494789 0)
(1.845617791 0.0726413863 0)
(2.030609248 0.06669353458 0)
(2.229130798 0.06531626814 0)
(2.42299048 0.06423311535 0)
(2.616963651 0.06345398441 0)
(2.812169331 0.06299052471 0)
(3.004190051 0.0636049744 0)
(0 1.06176265 0)
(0.1927601186 1.055089427 0)
(0.3760881901 1.00229279 0)
(0.5391017524 0.8978221752 0)
(0.6910365796 0.777172421 0)
(0.8421240577 0.6571628416 0)
(0.9959836255 0.5410948915 0)
(1.151471129 0.426867478 0)
(1.310157218 0.316515222 0)
(1.47703838 0.2189485858 0)
(1.655758507 0.1450103239 0)
(1.84875048 0.1031547725 0)
(2.033688334 0.09657007415 0)
(2.231913617 0.09457583703 0)
(2.425589344 0.09300746694 0)
(2.619393178 0.09187931062 0)
(2.814417662 0.091208236 0)
(3.006067058 0.09209793922 0)
(0 1.086263986 0)
(0.1925510627 1.079281859 0)
(0.3759577588 1.027722304 0)
(0.5395445036 0.9254690322 0)
(0.6922785342 0.8070474626 0)
(0.8441380756 0.6889966688 0)
(0.9986700282 0.5746798126 0)
(1.154792161 0.4621732785 0)
(1.314042893 0.3534899497 0)
(1.481285757 0.2572936866 0)
(1.660068796 0.1841391767 0)
(1.852767401 0.1422808702 0)
(2.037636522 0.1348795688 0)
(2.235481914 0.1320942148 0)
(2.428921763 0.1299036699 0)
(2.622508464 0.1283279722 0)
(2.817300606 0.1273906813 0)
(3.008473869 0.1286333311 0)
(0 1.117681073 0)
(0.1922829986 1.110302849 0)
(0.375790512 1.060329554 0)
(0.5401122257 0.9609194938 0)
(0.6938710431 0.8453550365 0)
(0.8467205704 0.7298159153 0)
(1.002114695 0.6177444168 0)
(1.159050587 0.5074444978 0)
(1.319025339 0.4009011679 0)
(1.486731999 0.3064620793 0)
(1.665595706 0.2343125434 0)
(1.857918138 0.1924507041 0)
(2.042699127 0.1840023052 0)
(2.240057399 0.1802025336 0)
(2.433194792 0.1772141988 0)
(2.626503071 0.1750646368 0)
(2.820997291 0.1737859873 0)
(3.011560027 0.1754812064 0)
(0 1.157965949 0)
(0.1919392708 1.150079826 0)
(0.3755760581 1.10214053 0)
(0.5408401932 1.006376206 0)
(0.6959130537 0.89447531 0)
(0.8500320005 0.7821568065 0)
(1.006531654 0.6729644406 0)
(1.164510998 0.565493976 0)
(1.325414132 0.4616946812 0)
(1.493715498 0.3695087476 0)
(1.672682644 0.2986478495 0)
(1.864522723 0.2567814804 0)
(2.049190703 0.2469904301 0)
(2.245924362 0.2418899112 0)
(2.438673926 0.2378786023 0)
(2.631625196 0.2349931969 0)
(2.825737403 0.2332768369 0)
(3.015517284 0.2355523677 0)
(0 1.209621638 0)
(0.1914985224 1.201084258 0)
(0.3753010724 1.155753076 0)
(0.5417736369 1.064663535 0)
(0.6985314423 0.9574602769 0)
(0.8542781151 0.8492714427 0)
(1.012195345 0.7437708738 0)
(1.171512665 0.6399285056 0)
(1.333606225 0.5396477777 0)
(1.50267016 0.4503509747 0)
(1.681769941 0.3811424457 0)
(1.872991519 0.339270268 0)
(2.057514592 0.3277575894 0)
(2.253447333 0.3209891743 0)
(2.4456996 0.3156661464 0)
(2.638193093 0.3118371983 0)
(2.831815459 0.3095595797 0)
(3.020591517 0.312579221 0)
(0 1.275857668 0)
(0.1909333682 1.266485205 0)
(0.3749484693 1.224498304 0)
(0.5429705545 1.139403051 0)
(0.7018888977 1.038223387 0)
(0.8597227384 0.935329863 0)
(1.019457669 0.8345631379 0)
(1.180490623 0.7353729331 0)
(1.34411062 0.639603923 0)
(1.514152366 0.5540117369 0)
(1.693422219 0.4869219747 0)
(1.883850719 0.4450423491 0)
(2.068187983 0.4313220952 0)
(2.263093739 0.4224150032 0)
(2.454708343 0.4154100104 0)
(2.646614844 0.4103711953 0)
(2.839609108 0.4073738971 0)
(3.027098003 0.4113476815 0)
(0 1.360789486 0)
(0.1902086936 1.350346231 0)
(0.3744963403 1.312647568 0)
(0.5445053142 1.23523855 0)
(0.7061940287 1.1417827 0)
(0.8667041617 1.045679141 0)
(1.028769858 0.9509824355 0)
(1.192002701 0.8577575142 0)
(1.357579986 0.7677736998 0)
(1.528875541 0.6869317962 0)
(1.708363471 0.6225588443 0)
(1.897775037 0.5806696683 0)
(2.081874047 0.5641187287 0)
(2.275462941 0.5524692968 0)
(2.466259893 0.5433075875 0)
(2.65741372 0.5367174082 0)
(2.849602593 0.5327972935 0)
(3.03544101 0.5379945376 0)
(0 1.469694167 0)
(0.1892794723 1.457877878 0)
(0.3739165934 1.425677852 0)
(0.5464732752 1.358124587 0)
(0.7117143264 1.274572676 0)
(0.8756561622 1.187175618 0)
(1.040710506 1.100262256 0)
(1.206764178 1.014686379 0)
(1.374851217 0.9321206907 0)
(1.54775448 0.8573698848 0)
(1.727522042 0.7964805902 0)
(1.915629634 0.7545791682 0)
(2.09942314 0.7343985534 0)
(2.291323475 0.7192327283 0)
(2.481071986 0.7073055475 0)
(2.671260688 0.6987261157 0)
(2.86241684 0.6936227104 0)
(3.046138916 0.700388748 0)
(0 1.609338294 0)
(0.1880879688 1.595761418 0)
(0.373173207 1.570612075 0)
(0.5489967132 1.515696449 0)
(0.7187927839 1.444843963 0)
(0.8871349552 1.368610905 0)
(1.056021522 1.291677813 0)
(1.225692232 1.215910002 0)
(1.396997427 1.14285628 0)
(1.571962191 1.075915845 0)
(1.752088312 1.019493505 0)
(1.938523872 0.977576381 0)
(2.121925641 0.9527415783 0)
(2.311660804 0.9330668226 0)
(2.500064941 0.9175935881 0)
(2.689016102 0.9064634172 0)
(2.878848038 0.8998427255 0)
(3.059856414 0.9086203645 0)
(0 1.788398387 0)
(0.1865601514 1.77256398 0)
(0.3722199923 1.756455446 0)
(0.552232417 1.71774456 0)
(0.7278692076 1.663176041 0)
(0.9018537536 1.601258134 0)
(1.075654228 1.537122345 0)
(1.24996292 1.473931024 0)
(1.425394628 1.413074117 0)
(1.603002772 1.35614861 0)
(1.783588661 1.305454068 0)
(1.96788024 1.263516809 0)
(2.150779701 1.232714127 0)
(2.337738551 1.20725775 0)
(2.52441885 1.187237552 0)
(2.711783162 1.17283667 0)
(2.899917107 1.164270423 0)
(3.077445814 1.175627458 0)
(0 2.018 0)
(0.1846010922 1.999270851 0)
(0.3709977232 1.994754986 0)
(0.556381431 1.976822791 0)
(0.7395075435 1.943134552 0)
(0.9207270814 1.899572393 0)
(1.100828462 1.851846074 0)
(1.281084255 1.804781086 0)
(1.461807227 1.759563668 0)
(1.642804871 1.715479904 0)
(1.823980302 1.672129889 0)
(2.005522739 1.630166812 0)
(2.187778111 1.591711756 0)
(2.371177004 1.558841835 0)
(2.555646896 1.532991248 0)
(2.740976453 1.514396464 0)
(2.926933134 1.503335508 0)
(3.1 1.518 0)
(0 1 0.1)
(0.1932871039 0.9941054604 0.1)
(0.3764169795 0.9381904054 0.1)
(0.537985671 0.8281303388 0.1)
(0.6879058766 0.7018638058 0.1)
(0.8370471477 0.5769165452 0.1)
(0.9892117765 0.4564344607 0.1)
(1.143099515 0.3378690768 0.1)
(1.300362258 0.2233098106 0.1)
(1.466331647 0.1222887561 0.1)
(1.644893188 0.04637482239 0.1)
(1.838624678 0.004526216035 0.1)
(2.023735791 0 0.1)
(2.2229187 0 0.1)
(2.417189025 0 0.1)
(2.611540206 0 0.1)
(2.807150372 0 0.1)
(3 0 0.1)
(0 1.007068205 0.1)
(0.193226795 1.001084552 0.1)
(0.3763793524 0.945526373 0.1)
(0.5381133969 0.8361059711 0.1)
(0.6882641587 0.7104822302 0.1)
(0.8376281565 0.5861000449 0.1)
(0.9899867565 0.4661231201 0.1)
(1.144057574 0.3480541797 0.1)
(1.301483207 0.2339763697 0.1)
(1.467556941 0.1333506437 0.1)
(1.646136631 0.05766280865 0.1)
(1.839783489 0.0158134075 0.1)
(2.024874774 0.01105161583 0.1)
(2.223948091 0.01082339252 0.1)
(2.418150369 0.01064390603 0.1)
(2.612438912 0.01051479822 0.1)
(2.807982051 0.0104379995 0.1)
(3.000694323 0.01053981839 0.1)
(0 1.016131482 0.1)
(0.1931494632 1.010033562 0.1)
(0.3763311046 0.9549329915 0.1)
(0.5382771748 0.8463328061 0.1)
(0.6887235695 0.721533292 0.1)
(0.8383731608 0.59787568 0.1)
(0.9909804823 0.4785465015 0.1)
(1.145286055 0.3611141307 0.1)
(1.302920555 0.2476536728 0.1)
(1.469128086 0.1475348607 0.1)
(1.647731047 0.07213694305 0.1)
(1.841269386 0.03028652275 0.1)
(2.026335247 0.02522266186 0.1)
(2.225268038 0.02470179689 0.1)
(2.419383063 0.02429216203 0.1)
(2.613591285 0.02399750444 0.1)
(2.80904848 0.02382222977 0.1)
(3.001584625 0.02405460697 0.1)
(0 1.027752961 0.1)
(0.1930503038 1.021508521 0.1)
(0.3762692384 0.9669947232 0.1)
(0.5384871806 0.8594462687 0.1)
(0.6893126536 0.7357036275 0.1)
(0.8393284502 0.6129751071 0.1)
(0.9922546974 0.4944765077 0.1)
(1.146861288 0.3778603848 0.1)
(1.304763609 0.2651915328 0.1)
(1.471142703 0.1657227164 0.1)
(1.649775504 0.09069654806 0.1)
(1.843174693 0.04884482097 0.1)
(2.028207952 0.04339362875 0.1)
(2.226960553 0.04249752107 0.1)
(2.420963697 0.04179277615 0.1)
(2.615068928 0.04128584067 0.1)
(2.810415918 0.04098429422 0.1)
(3.002726224 0.04138408113 0.1)
(0 1.042654719 0.1)
(0.1929231556 1.036222403 0.1)
(0.3761899099 0.9824610003 0.1)
(0.5387564627 0.8762611385 0.1)
(0.6900680128 0.7538736833 0.1)
(0.8405533796 0.6323365 0.1)
(0.9938885726 0.5149029191 0.1)
(1.148881146 0.3993334383 0.1)
(1.307126884 0.287679631 0.1)
(1.473725965 0.1890442779 0.1)
(1.65239703 0.114494789 0.1)
(1.845617791 0.0726413863 0.1)
(2.030609248 0.06669353458 0.1)
(2.229130798 0.06531626814 0.1)
(2.42299048 0.06423311535 0.1)
(2.616963651 0.06345398441 0.1)
(2.812169331 0.06299052471 0.1)
(3.004190051 0.0636049744 0.1)
(0 1.06176265 0.1)
(0.1927601186 1.055089427 0.1)
(0.3760881901 1.00229279 0.1)
(0.5391017524 0.8978221752 0.1)
(0.6910365796 0.777172421 0.1)
(0.8421240577 0.6571628416 0.1)
(0.9959836255 0.5410948915 0.1)
(1.151471129 0.426867478 0.1)
(1.310157218 0.316515222 0.1)
(1.47703838 0.2189485858 0.1)
(1.655758507 0.1450103239 0.1)
(1.84875048 0.1031547725 0.1)
(2.033688334 0.09657007415 0.1)
(2.231913617 0.09457583703 0.1)
(2.425589344 0.09300746694 0.1)
(2.619393178 0.09187931062 0.1)
(2.814417662 0.091208236 0.1)
(3.006067058 0.09209793922 0.1)
(0 1.086263986 0.1)
(0.1925510627 1.079281859 0.1)
(0.3759577588 1.027722304 0.1)
(0.5395445036 0.9254690322 0.1)
(0.6922785342 0.8070474626 0.1)
(0.8441380756 0.6889966688 0.1)
(0.9986700282 0.5746798126 0.1)
(1.154792161 0.4621732785 0.1)
(1.314042893 0.3534899497 0.1)
(1.481285757 0.2572936866 0.1)
(1.660068796 0.1841391767 0.1)
(1.852767401 0.1422808702 0.1)
(2.037636522 0.1348795688 0.1)
(2.235481914 0.1320942148 0.1)
(2.428921763 0.1299036699 0.1)
(2.622508464 0.1283279722 0.1)
(2.817300606 0.1273906813 0.1)
(3.008473869 0.1286333311 0.1)
(0 1.117681073 0.1)
(0.1922829986 1.110302849 0.1)
(0.375790512 1.060329554 0.1)
(0.5401122257 0.9609194938 0.1)
(0.6938710431 0.8453550365 0.1)
(0.8467205704 0.7298159153 0.1)
(1.002114695 0.6177444168 0.1)
(1.159050587 0.5074444978 0.1)
(1.319025339 0.4009011679 0.1)
(1.486731999 0.3064620793 0.1)
(1.665595706 0.2343125434 0.1)
(1.857918138 0.1924507041 0.1)
(2.042699127 0.1840023052 0.1)
(2.240057399 0.1802025336 0.1)
(2.433194792 0.1772141988 0.1)
(2.626503071 0.1750646368 0.1)
(2.820997291 0.1737859873 0.1)
(3.011560027 0.1754812064 0.1)
(0 1.157965949 0.1)
(0.1919392708 1.150079826 0.1)
(0.3755760581 1.10214053 0.1)
(0.5408401932 1.006376206 0.1)
(0.6959130537 0.89447531 0.1)
(0.8500320005 0.7821568065 0.1)
(1.006531654 0.6729644406 0.1)
(1.164510998 0.565493976 0.1)
(1.325414132 0.4616946812 0.1)
(1.493715498 0.3695087476 0.1)
(1.672682644 0.2986478495 0.1)
(1.864522723 0.2567814804 0.1)
(2.049190703 0.2469904301 0.1)
(2.245924362 0.2418899112 0.1)
(2.438673926 0.2378786023 0.1)
(2.631625196 0.2349931969 0.1)
(2.825737403 0.2332768369 0.1)
(3.015517284 0.2355523677 0.1)
(0 1.209621638 0.1)
(0.1914985224 1.201084258 0.1)
(0.3753010724 1.155753076 0.1)
(0.5417736369 1.064663535 0.1)
(0.6985314423 0.9574602769 0.1)
(0.8542781151 0.8492714427 0.1)
(1.012195345 0.7437708738 0.1)
(1.171512665 0.6399285056 0.1)
(1.333606225 0.5396477777 0.1)
(1.50267016 0.4503509747 0.1)
(1.681769941 0.3811424457 0.1)
(1.872991519 0.339270268 0.1)
(2.057514592 0.3277575894 0.1)
(2.253447333 0.3209891743 0.1)
(2.4456996 0.3156661464 0.1)
(2.638193093 0.3118371983 0.1)
(2.831815459 0.3095595797 0.1)
(3.020591517 0.312579221 0.1)
(0 1.275857668 0.1)
(0.1909333682 1.266485205 0.1)
(0.3749484693 1.224498304 0.1)
(0.5429705545 1.139403051 0.1)
(0.7018888977 1.038223387 0.1)
(0.8597227384 0.935329863 0.1)
(1.019457669 0.8345631379 0.1)
(1.180490623 0.7353729331 0.1)
(1.34411062 0.639603923 0.1)
(1.514152366 0.5540117369 0.1)
(1.693422219 0.4869219747 0.1)
(1.883850719 0.4450423491 0.1)
(2.068187983 0.4313220952 0.1)
(2.263093739 0.4224150032 0.1)
(2.454708343 0.4154100104 0.1)
(2.646614844 0.4103711953 0.1)
(2.839609108 0.4073738971 0.1)
(3.027098003 0.4113476815 0.1)
(0 1.360789486 0.1)
(0.1902086936 1.350346231 0.1)
(0.3744963403 1.312647568 0.1)
(0.5445053142 1.23523855 0.1)
(0.7061940287 1.1417827 0.1)
(0.8667041617 1.045679141 0.1)
(1.028769858 0.9509824355 0.1)
(1.192002701 0.8577575142 0.1)
(1.357579986 0.7677736998 0.1)
(1.528875541 0.6869317962 0.1)
(1.708363471 0.6225588443 0.1)
(1.897775037 0.5806696683 0.1)
(2.081874047 0.5641187287 0.1)
(2.275462941 0.5524692968 0.1)
(2.466259893 0.5433075875 0.1)
(2.65741372 0.5367174082 0.1)
(2.849602593 0.5327972935 0.1)
(3.03544101 0.5379945376 0.1)
(0 1.469694167 0.1)
(0.1892794723 1.457877878 0.1)
(0.3739165934 1.425677852 0.1)
(0.5464732752 1.358124587 0.1)
(0.7117143264 1.274572676 0.1)
(0.8756561622 1.187175618 0.1)
(1.040710506 1.100262256 0.1)
(1.206764178 1.014686379 0.1)
(1.374851217 0.9321206907 0.1)
(1.54775448 0.8573698848 0.1)
(1.727522042 0.7964805902 0.1)
(1.915629634 0.7545791682 0.1)
(2.09942314 0.7343985534 0.1)
(2.291323475 0.7192327283 0.1)
(2.481071986 0.7073055475 0.1)
(2.671260688 0.6987261157 0.1)
(2.86241684 0.6936227104 0.1)
(3.046138916 0.700388748 0.1)
(0 1.609338294 0.1)
(0.1880879688 1.595761418 0.1)
(0.373173207 1.570612075 0.1)
(0.5489967132 1.515696449 0.1)
(0.7187927839 1.444843963 0.1)
(0.8871349552 1.368610905 0.1)
(1.056021522 1.291677813 0.1)
(1.225692232 1.215910002 0.1)
(1.396997427 1.14285628 0.1)
(1.571962191 1.075915845 0.1)
(1.752088312 1.019493505 0.1)
(1.938523872 0.977576381 0.1)
(2.121925641 0.9527415783 0.1)
(2.311660804 0.9330668226 0.1)
(2.500064941 0.9175935881 0.1)
(2.689016102 0.9064634172 0.1)
(2.878848038 0.8998427255 0.1)
(3.059856414 0.9086203645 0.1)
(0 1.788398387 0.1)
(0.1865601514 1.77256398 0.1)
(0.3722199923 1.756455446 0.1)
(0.552232417 1.71774456 0.1)
(0.7278692076 1.663176041 0.1)
(0.9018537536 1.601258134 0.1)
(1.075654228 1.537122345 0.1)
(1.24996292 1.473931024 0.1)
(1.425394628 1.413074117 0.1)
(1.603002772 1.35614861 0.1)
(1.783588661 1.305454068 0.1)
(1.96788024 1.263516809 0.1)
(2.150779701 1.232714127 0.1)
(2.337738551 1.20725775 0.1)
(2.52441885 1.187237552 0.1)
(2.711783162 1.17283667 0.1)
(2.899917107 1.164270423 0.1)
(3.077445814 1.175627458 0.1)
(0 2.018 0.1)
(0.1846010922 1.999270851 0.1)
(0.3709977232 1.994754986 0.1)
(0.556381431 1.976822791 0.1)
(0.7395075435 1.943134552 0.1)
(0.9207270814 1.899572393 0.1)
(1.100828462 1.851846074 0.1)
(1.281084255 1.804781086 0.1)
(1.461807227 1.759563668 0.1)
(1.642804871 1.715479904 0.1)
(1.823980302 1.672129889 0.1)
(2.005522739 1.630166812 0.1)
(2.187778111 1.591711756 0.1)
(2.371177004 1.558841835 0.1)
(2.555646896 1.532991248 0.1)
(2.740976453 1.514396464 0.1)
(2.926933134 1.503335508 0.1)
(3.1 1.518 0.1)
(3.1875 0 0)
(3.375 0 0)
(3.5625 0 0)
(3.75 0 0)
(3.9375 0 0)
(4.125 0 0)
(4.3125 0 0)
(4.5 0 0)
(4.6875 0 0)
(4.875 0 0)
(5.0625 0 0)
(5.25 0 0)
(5.4375 0 0)
(5.625 0 0)
(5.8125 0 0)
(6 0 0)
(3.188107532 0.01053981839 0)
(3.375520742 0.01053981839 0)
(3.562933952 0.01053981839 0)
(3.750347161 0.01053981839 0)
(3.937760371 0.01053981839 0)
(4.125173581 0.01053981839 0)
(4.31258679 0.01053981839 0)
(4.5 0.01053981839 0)
(4.68741321 0.01053981839 0)
(4.874826419 0.01053981839 0)
(5.062239629 0.01053981839 0)
(5.249652839 0.01053981839 0)
(5.437066048 0.01053981839 0)
(5.624479258 0.01053981839 0)
(5.811892468 0.01053981839 0)
(5.999305677 0.01053981839 0)
(3.188886547 0.02405460697 0)
(3.376188469 0.02405460697 0)
(3.563490391 0.02405460697 0)
(3.750792312 0.02405460697 0)
(3.938094234 0.02405460697 0)
(4.125396156 0.02405460697 0)
(4.312698078 0.02405460697 0)
(4.5 0.02405460697 0)
(4.687301922 0.02405460697 0)
(4.874603844 0.02405460697 0)
(5.061905766 0.02405460697 0)
(5.249207688 0.02405460697 0)
(5.436509609 0.02405460697 0)
(5.623811531 0.02405460697 0)
(5.811113453 0.02405460697 0)
(5.998415375 0.02405460697 0)
(3.189885446 0.04138408113 0)
(3.377044668 0.04138408113 0)
(3.56420389 0.04138408113 0)
(3.751363112 0.04138408113 0)
(3.938522334 0.04138408113 0)
(4.125681556 0.04138408113 0)
(4.312840778 0.04138408113 0)
(4.5 0.04138408113 0)
(4.687159222 0.04138408113 0)
(4.874318444 0.04138408113 0)
(5.061477666 0.04138408113 0)
(5.248636888 0.04138408113 0)
(5.43579611 0.04138408113 0)
(5.622955332 0.04138408113 0)
(5.810114554 0.04138408113 0)
(5.997273776 0.04138408113 0)
(3.191166295 0.0636049744 0)
(3.378142538 0.0636049744 0)
(3.565118782 0.0636049744 0)
(3.752095026 0.0636049744 0)
(3.939071269 0.0636049744 0)
(4.126047513 0.0636049744 0)
(4.313023756 0.0636049744 0)
(4.5 0.0636049744 0)
(4.686976244 0.0636049744 0)
(4.873952487 0.0636049744 0)
(5.060928731 0.0636049744 0)
(5.247904974 0.0636049744 0)
(5.434881218 0.0636049744 0)
(5.621857462 0.0636049744 0)
(5.808833705 0.0636049744 0)
(5.995809949 0.0636049744 0)
(3.192808676 0.09209793922 0)
(3.379550293 0.09209793922 0)
(3.566291911 0.09209793922 0)
(3.753033529 0.09209793922 0)
(3.939775147 0.09209793922 0)
(4.126516764 0.09209793922 0)
(4.313258382 0.09209793922 0)
(4.5 0.09209793922 0)
(4.686741618 0.09209793922 0)
(4.873483236 0.09209793922 0)
(5.060224853 0.09209793922 0)
(5.246966471 0.09209793922 0)
(5.433708089 0.09209793922 0)
(5.620449707 0.09209793922 0)
(5.807191324 0.09209793922 0)
(5.993932942 0.09209793922 0)
(3.194914635 0.1286333311 0)
(3.381355402 0.1286333311 0)
(3.567796168 0.1286333311 0)
(3.754236934 0.1286333311 0)
(3.940677701 0.1286333311 0)
(4.127118467 0.1286333311 0)
(4.313559234 0.1286333311 0)
(4.5 0.1286333311 0)
(4.686440766 0.1286333311 0)
(4.872881533 0.1286333311 0)
(5.059322299 0.1286333311 0)
(5.245763066 0.1286333311 0)
(5.432203832 0.1286333311 0)
(5.618644598 0.1286333311 0)
(5.805085365 0.1286333311 0)
(5.991526131 0.1286333311 0)
(3.197615023 0.1754812064 0)
(3.38367002 0.1754812064 0)
(3.569725017 0.1754812064 0)
(3.755780013 0.1754812064 0)
(3.94183501 0.1754812064 0)
(4.127890007 0.1754812064 0)
(4.313945003 0.1754812064 0)
(4.5 0.1754812064 0)
(4.686054997 0.1754812064 0)
(4.872109993 0.1754812064 0)
(5.05816499 0.1754812064 0)
(5.244219987 0.1754812064 0)
(5.430274983 0.1754812064 0)
(5.61632998 0.1754812064 0)
(5.802384977 0.1754812064 0)
(5.988439973 0.1754812064 0)
(3.201077623 0.2355523677 0)
(3.386637963 0.2355523677 0)
(3.572198302 0.2355523677 0)
(3.757758642 0.2355523677 0)
(3.943318981 0.2355523677 0)
(4.128879321 0.2355523677 0)
(4.31443966 0.2355523677 0)
(4.5 0.2355523677 0)
(4.68556034 0.2355523677 0)
(4.871120679 0.2355523677 0)
(5.056681019 0.2355523677 0)
(5.242241358 0.2355523677 0)
(5.427801698 0.2355523677 0)
(5.613362037 0.2355523677 0)
(5.798922377 0.2355523677 0)
(5.984482716 0.2355523677 0)
(3.205517577 0.312579221 0)
(3.390443637 0.312579221 0)
(3.575369698 0.312579221 0)
(3.760295758 0.312579221 0)
(3.945221819 0.312579221 0)
(4.130147879 0.312579221 0)
(4.31507394 0.312579221 0)
(4.5 0.312579221 0)
(4.68492606 0.312579221 0)
(4.869852121 0.312579221 0)
(5.054778181 0.312579221 0)
(5.239704242 0.312579221 0)
(5.424630302 0.312579221 0)
(5.609556363 0.312579221 0)
(5.794482423 0.312579221 0)
(5.979408483 0.312579221 0)
(3.211210752 0.4113476815 0)
(3.395323502 0.4113476815 0)
(3.579436252 0.4113476815 0)
(3.763549001 0.4113476815 0)
(3.947661751 0.4113476815 0)
(4.131774501 0.4113476815 0)
(4.31588725 0.4113476815 0)
(4.5 0.4113476815 0)
(4.68411275 0.4113476815 0)
(4.868225499 0.4113476815 0)
(5.052338249 0.4113476815 0)
(5.236450999 0.4113476815 0)
(5.420563748 0.4113476815 0)
(5.604676498 0.4113476815 0)
(5.788789248 0.4113476815 0)
(5.972901997 0.4113476815 0)
(3.218510884 0.5379945376 0)
(3.401580758 0.5379945376 0)
(3.584650631 0.5379945376 0)
(3.767720505 0.5379945376 0)
(3.950790379 0.5379945376 0)
(4.133860253 0.5379945376 0)
(4.316930126 0.5379945376 0)
(4.5 0.5379945376 0)
(4.683069874 0.5379945376 0)
(4.866139747 0.5379945376 0)
(5.049209621 0.5379945376 0)
(5.232279495 0.5379945376 0)
(5.415349369 0.5379945376 0)
(5.598419242 0.5379945376 0)
(5.781489116 0.5379945376 0)
(5.96455899 0.5379945376 0)
(3.227871552 0.700388748 0)
(3.409604187 0.700388748 0)
(3.591336823 0.700388748 0)
(3.773069458 0.700388748 0)
(3.954802094 0.700388748 0)
(4.136534729 0.700388748 0)
(4.318267365 0.700388748 0)
(4.5 0.700388748 0)
(4.681732635 0.700388748 0)
(4.863465271 0.700388748 0)
(5.045197906 0.700388748 0)
(5.226930542 0.700388748 0)
(5.408663177 0.700388748 0)
(5.590395813 0.700388748 0)
(5.772128448 0.700388748 0)
(5.953861084 0.700388748 0)
(3.239874362 0.9086203645 0)
(3.41989231 0.9086203645 0)
(3.599910259 0.9086203645 0)
(3.779928207 0.9086203645 0)
(3.959946155 0.9086203645 0)
(4.139964103 0.9086203645 0)
(4.319982052 0.9086203645 0)
(4.5 0.9086203645 0)
(4.680017948 0.9086203645 0)
(4.860035897 0.9086203645 0)
(5.040053845 0.9086203645 0)
(5.220071793 0.9086203645 0)
(5.400089741 0.9086203645 0)
(5.58010769 0.9086203645 0)
(5.760125638 0.9086203645 0)
(5.940143586 0.9086203645 0)
(3.255265087 1.175627458 0)
(3.433084361 1.175627458 0)
(3.610903634 1.175627458 0)
(3.788722907 1.175627458 0)
(3.96654218 1.175627458 0)
(4.144361454 1.175627458 0)
(4.322180727 1.175627458 0)
(4.5 1.175627458 0)
(4.677819273 1.175627458 0)
(4.855638546 1.175627458 0)
(5.03345782 1.175627458 0)
(5.211277093 1.175627458 0)
(5.389096366 1.175627458 0)
(5.566915639 1.175627458 0)
(5.744734913 1.175627458 0)
(5.922554186 1.175627458 0)
(3.275 1.518 0)
(3.45 1.518 0)
(3.625 1.518 0)
(3.8 1.518 0)
(3.975 1.518 0)
(4.15 1.518 0)
(4.325 1.518 0)
(4.5 1.518 0)
(4.675 1.518 0)
(4.85 1.518 0)
(5.025 1.518 0)
(5.2 1.518 0)
(5.375 1.518 0)
(5.55 1.518 0)
(5.725 1.518 0)
(5.9 1.518 0)
(3.1875 0 0.1)
(3.375 0 0.1)
(3.5625 0 0.1)
(3.75 0 0.1)
(3.9375 0 0.1)
(4.125 0 0.1)
(4.3125 0 0.1)
(4.5 0 0.1)
(4.6875 0 0.1)
(4.875 0 0.1)
(5.0625 0 0.1)
(5.25 0 0.1)
(5.4375 0 0.1)
(5.625 0 0.1)
(5.8125 0 0.1)
(6 0 0.1)
(3.188107532 0.01053981839 0.1)
(3.375520742 0.01053981839 0.1)
(3.562933952 0.01053981839 0.1)
(3.750347161 0.01053981839 0.1)
(3.937760371 0.01053981839 0.1)
(4.125173581 0.01053981839 0.1)
(4.31258679 0.01053981839 0.1)
(4.5 0.01053981839 0.1)
(4.68741321 0.01053981839 0.1)
(4.874826419 0.01053981839 0.1)
(5.062239629 0.01053981839 0.1)
(5.249652839 0.01053981839 0.1)
(5.437066048 0.01053981839 0.1)
(5.624479258 0.01053981839 0.1)
(5.811892468 0.01053981839 0.1)
(5.999305677 0.01053981839 0.1)
(3.188886547 0.02405460697 0.1)
(3.376188469 0.02405460697 0.1)
(3.563490391 0.02405460697 0.1)
(3.750792312 0.02405460697 0.1)
(3.938094234 0.02405460697 0.1)
(4.125396156 0.02405460697 0.1)
(4.312698078 0.02405460697 0.1)
(4.5 0.02405460697 0.1)
(4.687301922 0.02405460697 0.1)
(4.874603844 0.02405460697 0.1)
(5.061905766 0.02405460697 0.1)
(5.249207688 0.02405460697 0.1)
(5.436509609 0.02405460697 0.1)
(5.623811531 0.02405460697 0.1)
(5.811113453 0.02405460697 0.1)
(5.998415375 0.02405460697 0.1)
(3.189885446 0.04138408113 0.1)
(3.377044668 0.04138408113 0.1)
(3.56420389 0.04138408113 0.1)
(3.751363112 0.04138408113 0.1)
(3.938522334 0.04138408113 0.1)
(4.125681556 0.04138408113 0.1)
(4.312840778 0.04138408113 0.1)
(4.5 0.04138408113 0.1)
(4.687159222 0.04138408113 0.1)
(4.874318444 0.04138408113 0.1)
(5.061477666 0.04138408113 0.1)
(5.248636888 0.04138408113 0.1)
(5.43579611 0.04138408113 0.1)
(5.622955332 0.04138408113 0.1)
(5.810114554 0.04138408113 0.1)
(5.997273776 0.04138408113 0.1)
(3.191166295 0.0636049744 0.1)
(3.378142538 0.0636049744 0.1)
(3.565118782 0.0636049744 0.1)
(3.752095026 0.0636049744 0.1)
(3.939071269 0.0636049744 0.1)
(4.126047513 0.0636049744 0.1)
(4.313023756 0.0636049744 0.1)
(4.5 0.0636049744 0.1)
(4.686976244 0.0636049744 0.1)
(4.873952487 0.0636049744 0.1)
(5.060928731 0.0636049744 0.1)
(5.247904974 0.0636049744 0.1)
(5.434881218 0.0636049744 0.1)
(5.621857462 0.0636049744 0.1)
(5.808833705 0.0636049744 0.1)
(5.995809949 0.0636049744 0.1)
(3.192808676 0.09209793922 0.1)
(3.379550293 0.09209793922 0.1)
(3.566291911 0.09209793922 0.1)
(3.753033529 0.09209793922 0.1)
(3.939775147 0.09209793922 0.1)
(4.126516764 0.09209793922 0.1)
(4.313258382 0.09209793922 0.1)
(4.5 0.09209793922 0.1)
(4.686741618 0.09209793922 0.1)
(4.873483236 0.09209793922 0.1)
(5.060224853 0.09209793922 0.1)
(5.246966471 0.09209793922 0.1)
(5.433708089 0.09209793922 0.1)
(5.620449707 0.09209793922 0.1)
(5.807191324 0.09209793922 0.1)
(5.993932942 0.09209793922 0.1)
(3.194914635 0.1286333311 0.1)
(3.381355402 0.1286333311 0.1)
(3.567796168 0.1286333311 0.1)
(3.754236934 0.1286333311 0.1)
(3.940677701 0.1286333311 0.1)
(4.127118467 0.1286333311 0.1)
(4.313559234 0.1286333311 0.1)
(4.5 0.1286333311 0.1)
(4.686440766 0.1286333311 0.1)
(4.872881533 0.1286333311 0.1)
(5.059322299 0.1286333311 0.1)
(5.245763066 0.1286333311 0.1)
(5.432203832 0.1286333311 0.1)
(5.618644598 0.1286333311 0.1)
(5.805085365 0.1286333311 0.1)
(5.991526131 0.1286333311 0.1)
(3.197615023 0.1754812064 0.1)
(3.38367002 0.1754812064 0.1)
(3.569725017 0.1754812064 0.1)
(3.755780013 0.1754812064 0.1)
(3.94183501 0.1754812064 0.1)
(4.127890007 0.1754812064 0.1)
(4.313945003 0.1754812064 0.1)
(4.5 0.1754812064 0.1)
(4.686054997 0.1754812064 0.1)
(4.872109993 0.1754812064 0.1)
(5.05816499 0.1754812064 0.1)
(5.244219987 0.1754812064 0.1)
(5.430274983 0.1754812064 0.1)
(5.61632998 0.1754812064 0.1)
(5.802384977 0.1754812064 0.1)
(5.988439973 0.1754812064 0.1)
(3.201077623 0.2355523677 0.1)
(3.386637963 0.2355523677 0.1)
(3.572198302 0.2355523677 0.1)
(3.757758642 0.2355523677 0.1)
(3.943318981 0.2355523677 0.1)
(4.128879321 0.2355523677 0.1)
(4.31443966 0.2355523677 0.1)
(4.5 0.2355523677 0.1)
(4.68556034 0.2355523677 0.1)
(4.871120679 0.2355523677 0.1)
(5.056681019 0.2355523677 0.1)
(5.242241358 0.2355523677 0.1)
(5.427801698 0.2355523677 0.1)
(5.613362037 0.2355523677 0.1)
(5.798922377 0.2355523677 0.1)
(5.984482716 0.2355523677 0.1)
(3.205517577 0.312579221 0.1)
(3.390443637 0.312579221 0.1)
(3.575369698 0.312579221 0.1)
(3.760295758 0.312579221 0.1)
(3.945221819 0.312579221 0.1)
(4.130147879 0.312579221 0.1)
(4.31507394 0.312579221 0.1)
(4.5 0.312579221 0.1)
(4.68492606 0.312579221 0.1)
(4.869852121 0.312579221 0.1)
(5.054778181 0.312579221 0.1)
(5.239704242 0.312579221 0.1)
(5.424630302 0.312579221 0.1)
(5.609556363 0.312579221 0.1)
(5.794482423 0.312579221 0.1)
(5.979408483 0.312579221 0.1)
(3.211210752 0.4113476815 0.1)
(3.395323502 0.4113476815 0.1)
(3.579436252 0.4113476815 0.1)
(3.763549001 0.4113476815 0.1)
(3.947661751 0.4113476815 0.1)
(4.131774501 0.4113476815 0.1)
(4.31588725 0.4113476815 0.1)
(4.5 0.4113476815 0.1)
(4.68411275 0.4113476815 0.1)
(4.868225499 0.4113476815 0.1)
(5.052338249 0.4113476815 0.1)
(5.236450999 0.4113476815 0.1)
(5.420563748 0.4113476815 0.1)
(5.604676498 0.4113476815 0.1)
(5.788789248 0.4113476815 0.1)
(5.972901997 0.4113476815 0.1)
(3.218510884 0.5379945376 0.1)
(3.401580758 0.5379945376 0.1)
(3.584650631 0.5379945376 0.1)
(3.767720505 0.5379945376 0.1)
(3.950790379 0.5379945376 0.1)
(4.133860253 0.5379945376 0.1)
(4.316930126 0.5379945376 0.1)
(4.5 0.5379945376 0.1)
(4.683069874 0.5379945376 0.1)
(4.866139747 0.5379945376 0.1)
(5.049209621 0.5379945376 0.1)
(5.232279495 0.5379945376 0.1)
(5.415349369 0.5379945376 0.1)
(5.598419242 0.5379945376 0.1)
(5.781489116 0.5379945376 0.1)
(5.96455899 0.5379945376 0.1)
(3.227871552 0.700388748 0.1)
(3.409604187 0.700388748 0.1)
(3.591336823 0.700388748 0.1)
(3.773069458 0.700388748 0.1)
(3.954802094 0.700388748 0.1)
(4.136534729 0.700388748 0.1)
(4.318267365 0.700388748 0.1)
(4.5 0.700388748 0.1)
(4.681732635 0.700388748 0.1)
(4.863465271 0.700388748 0.1)
(5.045197906 0.700388748 0.1)
(5.226930542 0.700388748 0.1)
(5.408663177 0.700388748 0.1)
(5.590395813 0.700388748 0.1)
(5.772128448 0.700388748 0.1)
(5.953861084 0.700388748 0.1)
(3.239874362 0.9086203645 0.1)
(3.41989231 0.9086203645 0.1)
(3.599910259 0.9086203645 0.1)
(3.779928207 0.9086203645 0.1)
(3.959946155 0.9086203645 0.1)
(4.139964103 0.9086203645 0.1)
(4.319982052 0.9086203645 0.1)
(4.5 0.9086203645 0.1)
(4.680017948 0.9086203645 0.1)
(4.860035897 0.9086203645 0.1)
(5.040053845 0.9086203645 0.1)
(5.220071793 0.9086203645 0.1)
(5.400089741 0.9086203645 0.1)
(5.58010769 0.9086203645 0.1)
(5.760125638 0.9086203645 0.1)
(5.940143586 0.9086203645 0.1)
(3.255265087 1.175627458 0.1)
(3.433084361 1.175627458 0.1)
(3.610903634 1.175627458 0.1)
(3.788722907 1.175627458 0.1)
(3.96654218 1.175627458 0.1)
(4.144361454 1.175627458 0.1)
(4.322180727 1.175627458 0.1)
(4.5 1.175627458 0.1)
(4.677819273 1.175627458 0.1)
(4.855638546 1.175627458 0.1)
(5.03345782 1.175627458 0.1)
(5.211277093 1.175627458 0.1)
(5.389096366 1.175627458 0.1)
(5.566915639 1.175627458 0.1)
(5.744734913 1.175627458 0.1)
(5.922554186 1.175627458 0.1)
(3.275 1.518 0.1)
(3.45 1.518 0.1)
(3.625 1.518 0.1)
(3.8 1.518 0.1)
(3.975 1.518 0.1)
(4.15 1.518 0.1)
(4.325 1.518 0.1)
(4.5 1.518 0.1)
(4.675 1.518 0.1)
(4.85 1.518 0.1)
(5.025 1.518 0.1)
(5.2 1.518 0.1)
(5.375 1.518 0.1)
(5.55 1.518 0.1)
(5.725 1.518 0.1)
(5.9 1.518 0.1)
(6.192849628 0 0)
(6.388459794 0 0)
(6.582810975 0 0)
(6.7770813 0 0)
(6.976264209 0 0)
(7.161375322 0.004526216035 0)
(7.355106812 0.04637482239 0)
(7.533668353 0.1222887561 0)
(7.699637742 0.2233098106 0)
(7.856900485 0.3378690768 0)
(8.010788224 0.4564344607 0)
(8.162952852 0.5769165452 0)
(8.312094123 0.7018638058 0)
(8.462014329 0.8281303388 0)
(8.623583021 0.9381904054 0)
(8.806712896 0.9941054604 0)
(9 1 0)
(6.192017949 0.0104379995 0)
(6.387561088 0.01051479822 0)
(6.581849631 0.01064390603 0)
(6.776051909 0.01082339252 0)
(6.975125226 0.01105161583 0)
(7.160216511 0.0158134075 0)
(7.353863369 0.05766280865 0)
(7.532443059 0.1333506437 0)
(7.698516793 0.2339763697 0)
(7.855942426 0.3480541797 0)
(8.010013244 0.4661231201 0)
(8.162371844 0.5861000449 0)
(8.311735841 0.7104822302 0)
(8.461886603 0.8361059711 0)
(8.623620648 0.945526373 0)
(8.806773205 1.001084552 0)
(9 1.007068205 0)
(6.19095152 0.02382222977 0)
(6.386408715 0.02399750444 0)
(6.580616937 0.02429216203 0)
(6.774731962 0.02470179689 0)
(6.973664753 0.02522266186 0)
(7.158730614 0.03028652275 0)
(7.352268953 0.07213694305 0)
(7.530871914 0.1475348607 0)
(7.697079445 0.2476536728 0)
(7.854713945 0.3611141307 0)
(8.009019518 0.4785465015 0)
(8.161626839 0.59787568 0)
(8.311276431 0.721533292 0)
(8.461722825 0.8463328061 0)
(8.623668895 0.9549329915 0)
(8.806850537 1.010033562 0)
(9 1.016131482 0)
(6.189584082 0.04098429422 0)
(6.384931072 0.04128584067 0)
(6.579036303 0.04179277615 0)
(6.773039447 0.04249752107 0)
(6.971792048 0.04339362875 0)
(7.156825307 0.04884482097 0)
(7.350224496 0.09069654806 0)
(7.528857297 0.1657227164 0)
(7.695236391 0.2651915328 0)
(7.853138712 0.3778603848 0)
(8.007745303 0.4944765077 0)
(8.16067155 0.6129751071 0)
(8.310687346 0.7357036275 0)
(8.461512819 0.8594462687 0)
(8.623730762 0.9669947232 0)
(8.806949696 1.021508521 0)
(9 1.027752961 0)
(6.187830669 0.06299052471 0)
(6.383036349 0.06345398441 0)
(6.57700952 0.06423311535 0)
(6.770869202 0.06531626814 0)
(6.969390752 0.06669353458 0)
(7.154382209 0.0726413863 0)
(7.34760297 0.114494789 0)
(7.526274035 0.1890442779 0)
(7.692873116 0.287679631 0)
(7.851118854 0.3993334383 0)
(8.006111427 0.5149029191 0)
(8.15944662 0.6323365 0)
(8.309931987 0.7538736833 0)
(8.461243537 0.8762611385 0)
(8.62381009 0.9824610003 0)
(8.807076844 1.036222403 0)
(9 1.042654719 0)
(6.185582338 0.091208236 0)
(6.380606822 0.09187931062 0)
(6.574410656 0.09300746694 0)
(6.768086383 0.09457583703 0)
(6.966311666 0.09657007415 0)
(7.15124952 0.1031547725 0)
(7.344241493 0.1450103239 0)
(7.52296162 0.2189485858 0)
(7.689842782 0.316515222 0)
(7.848528871 0.426867478 0)
(8.004016375 0.5410948915 0)
(8.157875942 0.6571628416 0)
(8.30896342 0.777172421 0)
(8.460898248 0.8978221752 0)
(8.62391181 1.00229279 0)
(8.807239881 1.055089427 0)
(9 1.06176265 0)
(6.182699394 0.1273906813 0)
(6.377491536 0.1283279722 0)
(6.571078237 0.1299036699 0)
(6.764518086 0.1320942148 0)
(6.962363478 0.1348795688 0)
(7.147232599 0.1422808702 0)
(7.339931204 0.1841391767 0)
(7.518714243 0.2572936866 0)
(7.685957107 0.3534899497 0)
(7.845207839 0.4621732785 0)
(8.001329972 0.5746798126 0)
(8.155861924 0.6889966688 0)
(8.307721466 0.8070474626 0)
(8.460455496 0.9254690322 0)
(8.624042241 1.027722304 0)
(8.807448937 1.079281859 0)
(9 1.086263986 0)
(6.179002709 0.1737859873 0)
(6.373496929 0.1750646368 0)
(6.566805208 0.1772141988 0)
(6.759942601 0.1802025336 0)
(6.957300873 0.1840023052 0)
(7.142081862 0.1924507041 0)
(7.334404294 0.2343125434 0)
(7.513268001 0.3064620793 0)
(7.680974661 0.4009011679 0)
(7.840949413 0.5074444978 0)
(7.997885305 0.6177444168 0)
(8.15327943 0.7298159153 0)
(8.306128957 0.8453550365 0)
(8.459887774 0.9609194938 0)
(8.624209488 1.060329554 0)
(8.807717001 1.110302849 0)
(9 1.117681073 0)
(6.174262597 0.2332768369 0)
(6.368374804 0.2349931969 0)
(6.561326074 0.2378786023 0)
(6.754075638 0.2418899112 0)
(6.950809297 0.2469904301 0)
(7.135477277 0.2567814804 0)
(7.327317356 0.2986478495 0)
(7.506284502 0.3695087476 0)
(7.674585868 0.4616946812 0)
(7.835489002 0.565493976 0)
(7.993468346 0.6729644406 0)
(8.149968 0.7821568065 0)
(8.304086946 0.89447531 0)
(8.459159807 1.006376206 0)
(8.624423942 1.10214053 0)
(8.808060729 1.150079826 0)
(9 1.157965949 0)
(6.168184541 0.3095595797 0)
(6.361806907 0.3118371983 0)
(6.5543004 0.3156661464 0)
(6.746552667 0.3209891743 0)
(6.942485408 0.3277575894 0)
(7.127008481 0.339270268 0)
(7.318230059 0.3811424457 0)
(7.49732984 0.4503509747 0)
(7.666393775 0.5396477777 0)
(7.828487335 0.6399285056 0)
(7.987804655 0.7437708738 0)
(8.145721885 0.8492714427 0)
(8.301468558 0.9574602769 0)
(8.458226363 1.064663535 0)
(8.624698928 1.155753076 0)
(8.808501478 1.201084258 0)
(9 1.209621638 0)
(6.160390892 0.4073738971 0)
(6.353385156 0.4103711953 0)
(6.545291657 0.4154100104 0)
(6.736906261 0.4224150032 0)
(6.931812017 0.4313220952 0)
(7.116149281 0.4450423491 0)
(7.306577781 0.4869219747 0)
(7.485847634 0.5540117369 0)
(7.65588938 0.639603923 0)
(7.819509377 0.7353729331 0)
(7.980542331 0.8345631379 0)
(8.140277262 0.935329863 0)
(8.298111102 1.038223387 0)
(8.457029445 1.139403051 0)
(8.625051531 1.224498304 0)
(8.809066632 1.266485205 0)
(9 1.275857668 0)
(6.150397407 0.5327972935 0)
(6.34258628 0.5367174082 0)
(6.533740107 0.5433075875 0)
(6.724537059 0.5524692968 0)
(6.918125953 0.5641187287 0)
(7.102224963 0.5806696683 0)
(7.291636529 0.6225588443 0)
(7.471124459 0.6869317962 0)
(7.642420014 0.7677736998 0)
(7.807997299 0.8577575142 0)
(7.971230142 0.9509824355 0)
(8.133295838 1.045679141 0)
(8.293805971 1.1417827 0)
(8.455494686 1.23523855 0)
(8.62550366 1.312647568 0)
(8.809791306 1.350346231 0)
(9 1.360789486 0)
(6.13758316 0.6936227104 0)
(6.328739312 0.6987261157 0)
(6.518928014 0.7073055475 0)
(6.708676525 0.7192327283 0)
(6.90057686 0.7343985534 0)
(7.084370366 0.7545791682 0)
(7.272477958 0.7964805902 0)
(7.45224552 0.8573698848 0)
(7.625148783 0.9321206907 0)
(7.793235822 1.014686379 0)
(7.959289494 1.100262256 0)
(8.124343838 1.187175618 0)
(8.288285674 1.274572676 0)
(8.453526725 1.358124587 0)
(8.626083407 1.425677852 0)
(8.810720528 1.457877878 0)
(9 1.469694167 0)
(6.121151962 0.8998427255 0)
(6.310983898 0.9064634172 0)
(6.499935059 0.9175935881 0)
(6.688339196 0.9330668226 0)
(6.878074359 0.9527415783 0)
(7.061476128 0.977576381 0)
(7.247911688 1.019493505 0)
(7.428037809 1.075915845 0)
(7.603002573 1.14285628 0)
(7.774307768 1.215910002 0)
(7.943978478 1.291677813 0)
(8.112865045 1.368610905 0)
(8.281207216 1.444843963 0)
(8.451003287 1.515696449 0)
(8.626826793 1.570612075 0)
(8.811912031 1.595761418 0)
(9 1.609338294 0)
(6.100082893 1.164270423 0)
(6.288216838 1.17283667 0)
(6.47558115 1.187237552 0)
(6.662261449 1.20725775 0)
(6.849220299 1.232714127 0)
(7.03211976 1.263516809 0)
(7.216411339 1.305454068 0)
(7.396997228 1.35614861 0)
(7.574605372 1.413074117 0)
(7.75003708 1.473931024 0)
(7.924345772 1.537122345 0)
(8.098146246 1.601258134 0)
(8.272130792 1.663176041 0)
(8.447767583 1.71774456 0)
(8.627780008 1.756455446 0)
(8.813439849 1.77256398 0)
(9 1.788398387 0)
(6.073066866 1.503335508 0)
(6.259023547 1.514396464 0)
(6.444353104 1.532991248 0)
(6.628822996 1.558841835 0)
(6.812221889 1.591711756 0)
(6.994477261 1.630166812 0)
(7.176019698 1.672129889 0)
(7.357195129 1.715479904 0)
(7.538192773 1.759563668 0)
(7.718915745 1.804781086 0)
(7.899171538 1.851846074 0)
(8.079272919 1.899572393 0)
(8.260492457 1.943134552 0)
(8.443618569 1.976822791 0)
(8.629002277 1.994754986 0)
(8.815398908 1.999270851 0)
(9 2.018 0)
(6.192849628 0 0.1)
(6.388459794 0 0.1)
(6.582810975 0 0.1)
(6.7770813 0 0.1)
(6.976264209 0 0.1)
(7.161375322 0.004526216035 0.1)
(7.355106812 0.04637482239 0.1)
(7.533668353 0.1222887561 0.1)
(7.699637742 0.2233098106 0.1)
(7.856900485 0.3378690768 0.1)
(8.010788224 0.4564344607 0.1)
(8.162952852 0.5769165452 0.1)
(8.312094123 0.7018638058 0.1)
(8.462014329 0.8281303388 0.1)
(8.623583021 0.9381904054 0.1)
(8.806712896 0.9941054604 0.1)
(9 1 0.1)
(6.192017949 0.0104379995 0.1)
(6.387561088 0.01051479822 0.1)
(6.581849631 0.01064390603 0.1)
(6.776051909 0.01082339252 0.1)
(6.975125226 0.01105161583 0.1)
(7.160216511 0.0158134075 0.1)
(7.353863369 0.05766280865 0.1)
(7.532443059 0.1333506437 0.1)
(7.698516793 0.2339763697 0.1)
(7.855942426 0.3480541797 0.1)
(8.010013244 0.4661231201 0.1)
(8.162371844 0.5861000449 0.1)
(8.311735841 0.7104822302 0.1)
(8.461886603 0.8361059711 0.1)
(8.623620648 0.945526373 0.1)
(8.806773205 1.001084552 0.1)
(9 1.007068205 0.1)
(6.19095152 0.02382222977 0.1)
(6.386408715 0.02399750444 0.1)
(6.580616937 0.02429216203 0.1)
(6.774731962 0.02470179689 0.1)
(6.973664753 0.02522266186 0.1)
(7.158730614 0.03028652275 0.1)
(7.352268953 0.07213694305 0.1)
(7.530871914 0.1475348607 0.1)
(7.697079445 0.2476536728 0.1)
(7.854713945 0.3611141307 0.1)
(8.009019518 0.4785465015 0.1)
(8.161626839 0.59787568 0.1)
(8.311276431 0.721533292 0.1)
(8.461722825 0.8463328061 0.1)
(8.623668895 0.9549329915 0.1)
(8.806850537 1.010033562 0.1)
(9 1.016131482 0.1)
(6.189584082 0.04098429422 0.1)
(6.384931072 0.04128584067 0.1)
(6.579036303 0.04179277615 0.1)
(6.773039447 0.04249752107 0.1)
(6.971792048 0.04339362875 0.1)
(7.156825307 0.04884482097 0.1)
(7.350224496 0.09069654806 0.1)
(7.528857297 0.1657227164 0.1)
(7.695236391 0.2651915328 0.1)
(7.853138712 0.3778603848 0.1)
(8.007745303 0.4944765077 0.1)
(8.16067155 0.6129751071 0.1)
(8.310687346 0.7357036275 0.1)
(8.461512819 0.8594462687 0.1)
(8.623730762 0.9669947232 0.1)
(8.806949696 1.021508521 0.1)
(9 1.027752961 0.1)
(6.187830669 0.06299052471 0.1)
(6.383036349 0.06345398441 0.1)
(6.57700952 0.06423311535 0.1)
(6.770869202 0.06531626814 0.1)
(6.969390752 0.06669353458 0.1)
(7.154382209 0.0726413863 0.1)
(7.34760297 0.114494789 0.1)
(7.526274035 0.1890442779 0.1)
(7.692873116 0.287679631 0.1)
(7.851118854 0.3993334383 0.1)
(8.006111427 0.5149029191 0.1)
(8.15944662 0.6323365 0.1)
(8.309931987 0.7538736833 0.1)
(8.461243537 0.8762611385 0.1)
(8.62381009 0.9824610003 0.1)
(8.807076844 1.036222403 0.1)
(9 1.042654719 0.1)
(6.185582338 0.091208236 0.1)
(6.380606822 0.09187931062 0.1)
(6.574410656 0.09300746694 0.1)
(6.768086383 0.09457583703 0.1)
(6.966311666 0.09657007415 0.1)
(7.15124952 0.1031547725 0.1)
(7.344241493 0.1450103239 0.1)
(7.52296162 0.2189485858 0.1)
(7.689842782 0.316515222 0.1)
(7.848528871 0.426867478 0.1)
(8.004016375 0.5410948915 0.1)
(8.157875942 0.6571628416 0.1)
(8.30896342 0.777172421 0.1)
(8.460898248 0.8978221752 0.1)
(8.62391181 1.00229279 0.1)
(8.807239881 1.055089427 0.1)
(9 1.06176265 0.1)
(6.182699394 0.1273906813 0.1)
(6.377491536 0.1283279722 0.1)
(6.571078237 0.1299036699 0.1)
(6.764518086 0.1320942148 0.1)
(6.962363478 0.1348795688 0.1)
(7.147232599 0.1422808702 0.1)
(7.339931204 0.1841391767 0.1)
(7.518714243 0.2572936866 0.1)
(7.685957107 0.3534899497 0.1)
(7.845207839 0.4621732785 0.1)
(8.001329972 0.5746798126 0.1)
(8.155861924 0.6889966688 0.1)
(8.307721466 0.8070474626 0.1)
(8.460455496 0.9254690322 0.1)
(8.624042241 1.027722304 0.1)
(8.807448937 1.079281859 0.1)
(9 1.086263986 0.1)
(6.179002709 0.1737859873 0.1)
(6.373496929 0.1750646368 0.1)
(6.566805208 0.1772141988 0.1)
(6.759942601 0.1802025336 0.1)
(6.957300873 0.1840023052 0.1)
(7.142081862 0.1924507041 0.1)
(7.334404294 0.2343125434 0.1)
(7.513268001 0.3064620793 0.1)
(7.680974661 0.4009011679 0.1)
(7.840949413 0.5074444978 0.1)
(7.997885305 0.6177444168 0.1)
(8.15327943 0.7298159153 0.1)
(8.306128957 0.8453550365 0.1)
(8.459887774 0.9609194938 0.1)
(8.624209488 1.060329554 0.1)
(8.807717001 1.110302849 0.1)
(9 1.117681073 0.1)
(6.174262597 0.2332768369 0.1)
(6.368374804 0.2349931969 0.1)
(6.561326074 0.2378786023 0.1)
(6.754075638 0.2418899112 0.1)
(6.950809297 0.2469904301 0.1)
(7.135477277 0.2567814804 0.1)
(7.327317356 0.2986478495 0.1)
(7.506284502 0.3695087476 0.1)
(7.674585868 0.4616946812 0.1)
(7.835489002 0.565493976 0.1)
(7.993468346 0.6729644406 0.1)
(8.149968 0.7821568065 0.1)
(8.304086946 0.89447531 0.1)
(8.459159807 1.006376206 0.1)
(8.624423942 1.10214053 0.1)
(8.808060729 1.150079826 0.1)
(9 1.157965949 0.1)
(6.168184541 0.3095595797 0.1)
(6.361806907 0.3118371983 0.1)
(6.5543004 0.3156661464 0.1)
(6.746552667 0.3209891743 0.1)
(6.942485408 0.3277575894 0.1)
(7.127008481 0.339270268 0.1)
(7.318230059 0.3811424457 0.1)
(7.49732984 0.4503509747 0.1)
(7.666393775 0.5396477777 0.1)
(7.828487335 0.6399285056 0.1)
(7.987804655 0.7437708738 0.1)
(8.145721885 0.8492714427 0.1)
(8.301468558 0.9574602769 0.1)
(8.458226363 1.064663535 0.1)
(8.624698928 1.155753076 0.1)
(8.808501478 1.201084258 0.1)
(9 1.209621638 0.1)
(6.160390892 0.4073738971 0.1)
(6.353385156 0.4103711953 0.1)
(6.545291657 0.4154100104 0.1)
(6.736906261 0.4224150032 0.1)
(6.931812017 0.4313220952 0.1)
(7.116149281 0.4450423491 0.1)
(7.306577781 0.4869219747 0.1)
(7.485847634 0.5540117369 0.1)
(7.65588938 0.639603923 0.1)
(7.819509377 0.7353729331 0.1)
(7.980542331 0.8345631379 0.1)
(8.140277262 0.935329863 0.1)
(8.298111102 1.038223387 0.1)
(8.457029445 1.139403051 0.1)
(8.625051531 1.224498304 0.1)
(8.809066632 1.266485205 0.1)
(9 1.275857668 0.1)
(6.150397407 0.5327972935 0.1)
(6.34258628 0.5367174082 0.1)
(6.533740107 0.5433075875 0.1)
(6.724537059 0.5524692968 0.1)
(6.918125953 0.5641187287 0.1)
(7.102224963 0.5806696683 0.1)
(7.291636529 0.6225588443 0.1)
(7.471124459 0.6869317962 0.1)
(7.642420014 0.7677736998 0.1)
(7.807997299 0.8577575142 0.1)
(7.971230142 0.9509824355 0.1)
(8.133295838 1.045679141 0.1)
(8.293805971 1.1417827 0.1)
(8.455494686 1.23523855 0.1)
(8.62550366 1.312647568 0.1)
(8.809791306 1.350346231 0.1)
(9 1.360789486 0.1)
(6.13758316 0.6936227104 0.1)
(6.328739312 0.6987261157 0.1)
(6.518928014 0.7073055475 0.1)
(6.708676525 0.7192327283 0.1)
(6.90057686 0.7343985534 0.1)
(7.084370366 0.7545791682 0.1)
(7.272477958 0.7964805902 0.1)
(7.45224552 0.8573698848 0.1)
(7.625148783 0.9321206907 0.1)
(7.793235822 1.014686379 0.1)
(7.959289494 1.100262256 0.1)
(8.124343838 1.187175618 0.1)
(8.288285674 1.274572676 0.1)
(8.453526725 1.358124587 0.1)
(8.626083407 1.425677852 0.1)
(8.810720528 1.457877878 0.1)
(9 1.469694167 0.1)
(6.121151962 0.8998427255 0.1)
(6.310983898 0.9064634172 0.1)
(6.499935059 0.9175935881 0.1)
(6.688339196 0.9330668226 0.1)
(6.878074359 0.9527415783 0.1)
(7.061476128 0.977576381 0.1)
(7.247911688 1.019493505 0.1)
(7.428037809 1.075915845 0.1)
(7.603002573 1.14285628 0.1)
(7.774307768 1.215910002 0.1)
(7.943978478 1.291677813 0.1)
(8.112865045 1.368610905 0.1)
(8.281207216 1.444843963 0.1)
(8.451003287 1.515696449 0.1)
(8.626826793 1.570612075 0.1)
(8.811912031 1.595761418 0.1)
(9 1.609338294 0.1)
(6.100082893 1.164270423 0.1)
(6.288216838 1.17283667 0.1)
(6.47558115 1.187237552 0.1)
(6.662261449 1.20725775 0.1)
(6.849220299 1.232714127 0.1)
(7.03211976 1.263516809 0.1)
(7.216411339 1.305454068 0.1)
(7.396997228 1.35614861 0.1)
(7.574605372 1.413074117 0.1)
(7.75003708 1.473931024 0.1)
(7.924345772 1.537122345 0.1)
(8.098146246 1.601258134 0.1)
(8.272130792 1.663176041 0.1)
(8.447767583 1.71774456 0.1)
(8.627780008 1.756455446 0.1)
(8.813439849 1.77256398 0.1)
(9 1.788398387 0.1)
(6.073066866 1.503335508 0.1)
(6.259023547 1.514396464 0.1)
(6.444353104 1.532991248 0.1)
(6.628822996 1.558841835 0.1)
(6.812221889 1.591711756 0.1)
(6.994477261 1.630166812 0.1)
(7.176019698 1.672129889 0.1)
(7.357195129 1.715479904 0.1)
(7.538192773 1.759563668 0.1)
(7.718915745 1.804781086 0.1)
(7.899171538 1.851846074 0.1)
(8.079272919 1.899572393 0.1)
(8.260492457 1.943134552 0.1)
(8.443618569 1.976822791 0.1)
(8.629002277 1.994754986 0.1)
(8.815398908 1.999270851 0.1)
(9 2.018 0.1)
(0 2.247601613 0)
(0.1854207569 2.23309667 0)
(0.3722320833 2.229599322 0)
(0.5582589432 2.215711588 0)
(0.74253739 2.189621457 0)
(0.9253392747 2.155884388 0)
(1.107275194 2.118922352 0)
(1.289330698 2.082472489 0)
(1.471748013 2.047453492 0)
(1.65437805 2.013312461 0)
(1.837145776 1.979739689 0)
(2.020197732 1.947241043 0)
(2.203801827 1.917459212 0)
(2.388291531 1.892002834 0)
(2.573610679 1.871982637 0)
(2.759595601 1.857581755 0)
(2.946066205 1.849015507 0)
(3.122554186 1.860372542 0)
(0 2.426661706 0)
(0.1860599912 2.415451108 0)
(0.3731947275 2.412748074 0)
(0.5597231643 2.402014505 0)
(0.7449002855 2.381849933 0)
(0.9289361995 2.355775187 0)
(1.112302825 2.327207924 0)
(1.295761875 2.299036509 0)
(1.479500563 2.271970985 0)
(1.663403659 2.245584024 0)
(1.847413173 2.21963626 0)
(2.031642362 2.194518667 0)
(2.21629829 2.171500849 0)
(2.401638688 2.151826094 0)
(2.587620147 2.136352859 0)
(2.774116171 2.125222688 0)
(2.960987569 2.118601997 0)
(3.140143586 2.127379636 0)
(0 2.566305833 0)
(0.1865585127 2.557664406 0)
(0.3739454676 2.555580836 0)
(0.5608650707 2.547307115 0)
(0.7467430438 2.531763727 0)
(0.931741344 2.511664619 0)
(1.116223739 2.489644212 0)
(1.300777377 2.467928937 0)
(1.485546567 2.44706611 0)
(1.670442488 2.426726339 0)
(1.855420438 2.406725112 0)
(2.04056772 2.387363803 0)
(2.226043943 2.369621057 0)
(2.412047774 2.354455232 0)
(2.598545753 2.342528051 0)
(2.785440372 2.33394862 0)
(2.972624338 2.328845214 0)
(3.153861084 2.335611252 0)
(0 2.675210514 0)
(0.1869472962 2.668572714 0)
(0.3745309496 2.666972247 0)
(0.5617556127 2.660616895 0)
(0.7481801612 2.648677443 0)
(0.9339290004 2.633238574 0)
(1.119281554 2.616323884 0)
(1.304688832 2.599643577 0)
(1.490261683 2.583618067 0)
(1.675931881 2.567994336 0)
(1.861665088 2.552630652 0)
(2.047528366 2.537758514 0)
(2.233644315 2.524129653 0)
(2.42016554 2.512480221 0)
(2.607066338 2.503318512 0)
(2.794271809 2.496728333 0)
(2.98169954 2.492808218 0)
(3.16455899 2.498005462 0)
(0 2.760142332 0)
(0.187250498 2.755067107 0)
(0.3749875511 2.753843398 0)
(0.5624501223 2.748984131 0)
(0.7493009302 2.739855291 0)
(0.9356350945 2.728050816 0)
(1.121666261 2.715117937 0)
(1.307739269 2.702364265 0)
(1.493938874 2.690111248 0)
(1.68021291 2.678165428 0)
(1.866535122 2.66641844 0)
(2.052956785 2.655047284 0)
(2.23957164 2.644626732 0)
(2.426496366 2.63571964 0)
(2.613711311 2.628714647 0)
(2.801159209 2.623675832 0)
(2.988777044 2.620678534 0)
(3.172901997 2.624652318 0)
(0 2.826378362 0)
(0.1874869568 2.822521746 0)
(0.3753436423 2.821591861 0)
(0.5629917516 2.81789935 0)
(0.7501749877 2.810962431 0)
(0.9369656312 2.801992321 0)
(1.123526029 2.792164749 0)
(1.310118223 2.782473354 0)
(1.496806616 2.773162402 0)
(1.683551568 2.764084886 0)
(1.87033313 2.755158461 0)
(2.057190263 2.746517627 0)
(2.2441942 2.738599147 0)
(2.431433606 2.731830732 0)
(2.618893547 2.726507704 0)
(2.806530506 2.722678756 0)
(2.994296599 2.720401138 0)
(3.179408483 2.723420779 0)
(0 2.878034051 0)
(0.1876713647 2.875127796 0)
(0.3756213482 2.874427056 0)
(0.5634141536 2.871644467 0)
(0.7508566415 2.866416967 0)
(0.9380032808 2.859657303 0)
(1.124976413 2.852251475 0)
(1.311973505 2.844948267 0)
(1.499043091 2.837931752 0)
(1.686155298 2.831091149 0)
(1.873295093 2.824364404 0)
(2.060491838 2.817852875 0)
(2.24779921 2.811885695 0)
(2.435284026 2.806785176 0)
(2.622935032 2.802773867 0)
(2.810719435 2.799888461 0)
(2.99860115 2.798172101 0)
(3.184482716 2.800447632 0)
(0 2.918318927 0)
(0.1878151794 2.916153833 0)
(0.3758379236 2.915631798 0)
(0.5637435735 2.913558831 0)
(0.7513882449 2.909664462 0)
(0.9388125157 2.904628664 0)
(1.126107527 2.899111489 0)
(1.313420389 2.893670764 0)
(1.500787257 2.888443618 0)
(1.688185876 2.883347523 0)
(1.875605048 2.87833625 0)
(2.063066646 2.873485307 0)
(2.25061066 2.869039892 0)
(2.438286865 2.865240121 0)
(2.626086878 2.862251786 0)
(2.813986268 2.860102224 0)
(3.001958154 2.858823574 0)
(3.188439973 2.860518794 0)
(0 2.949736014 0)
(0.1879273366 2.94814893 0)
(0.3760068248 2.947766262 0)
(0.5640004792 2.946246711 0)
(0.751802828 2.943392014 0)
(0.9394436161 2.939700613 0)
(1.126989653 2.935656348 0)
(1.314548775 2.931668122 0)
(1.502147485 2.927836458 0)
(1.68976947 2.924100857 0)
(1.87740652 2.920427434 0)
(2.06507467 2.916871538 0)
(2.252803234 2.913612906 0)
(2.440628698 2.910827552 0)
(2.628544916 2.908637008 0)
(2.816533982 2.90706131 0)
(3.00457619 2.906124019 0)
(3.191526131 2.907366669 0)
(0 2.97423735 0)
(0.188014805 2.973101042 0)
(0.3761385463 2.972827062 0)
(0.5642008331 2.971739105 0)
(0.7521261502 2.96969522 0)
(0.9399357943 2.967052279 0)
(1.127677599 2.964156695 0)
(1.315428772 2.961301235 0)
(1.50320829 2.958557868 0)
(1.691004471 2.955883281 0)
(1.878811439 2.95325321 0)
(2.066640674 2.950707286 0)
(2.254513163 2.948374196 0)
(2.44245503 2.946379959 0)
(2.630461875 2.944811588 0)
(2.818520876 2.943683432 0)
(3.006617925 2.943012358 0)
(3.193932942 2.943902061 0)
(0 2.993345281 0)
(0.1880830192 2.99256052 0)
(0.3762412724 2.992371303 0)
(0.5643570836 2.991619935 0)
(0.7523783004 2.99020838 0)
(0.9403196307 2.988383104 0)
(1.12821411 2.986383346 0)
(1.316115059 2.984411299 0)
(1.504035583 2.982516667 0)
(1.691967616 2.980669534 0)
(1.879907098 2.978853147 0)
(2.067861958 2.977094872 0)
(2.25584669 2.975483586 0)
(2.443879337 2.974106319 0)
(2.631956858 2.973023167 0)
(2.820070401 2.972244036 0)
(3.00821022 2.971780576 0)
(3.195809949 2.972395026 0)
(0 3.008247039 0)
(0.1881362176 3.007736441 0)
(0.3763213857 3.007613328 0)
(0.5644789392 3.007124456 0)
(0.7525749455 3.006206039 0)
(0.9406189744 3.005018437 0)
(1.12863252 3.003717311 0)
(1.316650275 3.002434214 0)
(1.504680766 3.001201486 0)
(1.692718746 2.999999664 0)
(1.880761572 2.998817845 0)
(2.068814404 2.997673837 0)
(2.256886672 2.996625466 0)
(2.444990115 2.995729359 0)
(2.633122756 2.995024614 0)
(2.821278833 2.994517678 0)
(3.009452007 2.994216132 0)
(3.197273776 2.994615919 0)
(0 3.019868518 0)
(0.1881777056 3.019571731 0)
(0.3763838638 3.019500172 0)
(0.564573971 3.019216014 0)
(0.7527283038 3.018682181 0)
(0.9408524245 3.017991884 0)
(1.128958827 3.017235601 0)
(1.317067676 3.016489798 0)
(1.505183927 3.015773271 0)
(1.693304532 3.015074709 0)
(1.881427954 3.014387774 0)
(2.069557191 3.013722816 0)
(2.257697726 3.013113448 0)
(2.445856381 3.012592583 0)
(2.634032008 3.012182948 0)
(2.822221257 3.011888291 0)
(3.010420444 3.011713016 0)
(3.198415375 3.011945393 0)
(0 3.028931795 0)
(0.188210061 3.028801754 0)
(0.3764325889 3.0287704 0)
(0.5646480838 3.028645892 0)
(0.7528479037 3.028411987 0)
(0.9410344858 3.028109525 0)
(1.129213304 3.027778151 0)
(1.317393195 3.027451368 0)
(1.505576329 3.027137413 0)
(1.693761371 3.026831329 0)
(1.881947647 3.02653034 0)
(2.070136471 3.026238981 0)
(2.258330245 3.025971979 0)
(2.446531959 3.025743756 0)
(2.634741109 3.025564269 0)
(2.822956228 3.025435161 0)
(3.011175701 3.025358363 0)
(3.199305677 3.025460182 0)
(0 3.036 0)
(0.1882352941 3.036 0)
(0.3764705882 3.036 0)
(0.5647058824 3.036 0)
(0.7529411765 3.036 0)
(0.9411764706 3.036 0)
(1.129411765 3.036 0)
(1.317647059 3.036 0)
(1.505882353 3.036 0)
(1.694117647 3.036 0)
(1.882352941 3.036 0)
(2.070588235 3.036 0)
(2.258823529 3.036 0)
(2.447058824 3.036 0)
(2.635294118 3.036 0)
(2.823529412 3.036 0)
(3.011764706 3.036 0)
(3.2 3.036 0)
(0 2.247601613 0.1)
(0.1854207569 2.23309667 0.1)
(0.3722320833 2.229599322 0.1)
(0.5582589432 2.215711588 0.1)
(0.74253739 2.189621457 0.1)
(0.9253392747 2.155884388 0.1)
(1.107275194 2.118922352 0.1)
(1.289330698 2.082472489 0.1)
(1.471748013 2.047453492 0.1)
(1.65437805 2.013312461 0.1)
(1.837145776 1.979739689 0.1)
(2.020197732 1.947241043 0.1)
(2.203801827 1.917459212 0.1)
(2.388291531 1.892002834 0.1)
(2.573610679 1.871982637 0.1)
(2.759595601 1.857581755 0.1)
(2.946066205 1.849015507 0.1)
(3.122554186 1.860372542 0.1)
(0 2.426661706 0.1)
(0.1860599912 2.415451108 0.1)
(0.3731947275 2.412748074 0.1)
(0.5597231643 2.402014505 0.1)
(0.7449002855 2.381849933 0.1)
(0.9289361995 2.355775187 0.1)
(1.112302825 2.327207924 0.1)
(1.295761875 2.299036509 0.1)
(1.479500563 2.271970985 0.1)
(1.663403659 2.245584024 0.1)
(1.847413173 2.21963626 0.1)
(2.031642362 2.194518667 0.1)
(2.21629829 2.171500849 0.1)
(2.401638688 2.151826094 0.1)
(2.587620147 2.136352859 0.1)
(2.774116171 2.125222688 0.1)
(2.960987569 2.118601997 0.1)
(3.140143586 2.127379636 0.1)
(0 2.566305833 0.1)
(0.1865585127 2.557664406 0.1)
(0.3739454676 2.555580836 0.1)
(0.5608650707 2.547307115 0.1)
(0.7467430438 2.531763727 0.1)
(0.931741344 2.511664619 0.1)
(1.116223739 2.489644212 0.1)
(1.300777377 2.467928937 0.1)
(1.485546567 2.44706611 0.1)
(1.670442488 2.426726339 0.1)
(1.855420438 2.406725112 0.1)
(2.04056772 2.387363803 0.1)
(2.226043943 2.369621057 0.1)
(2.412047774 2.354455232 0.1)
(2.598545753 2.342528051 0.1)
(2.785440372 2.33394862 0.1)
(2.972624338 2.328845214 0.1)
(3.153861084 2.335611252 0.1)
(0 2.675210514 0.1)
(0.1869472962 2.668572714 0.1)
(0.3745309496 2.666972247 0.1)
(0.5617556127 2.660616895 0.1)
(0.7481801612 2.648677443 0.1)
(0.9339290004 2.633238574 0.1)
(1.119281554 2.616323884 0.1)
(1.304688832 2.599643577 0.1)
(1.490261683 2.583618067 0.1)
(1.675931881 2.567994336 0.1)
(1.861665088 2.552630652 0.1)
(2.047528366 2.537758514 0.1)
(2.233644315 2.524129653 0.1)
(2.42016554 2.512480221 0.1)
(2.607066338 2.503318512 0.1)
(2.794271809 2.496728333 0.1)
(2.98169954 2.492808218 0.1)
(3.16455899 2.498005462 0.1)
(0 2.760142332 0.1)
(0.187250498 2.755067107 0.1)
(0.3749875511 2.753843398 0.1)
(0.5624501223 2.748984131 0.1)
(0.7493009302 2.739855291 0.1)
(0.9356350945 2.728050816 0.1)
(1.121666261 2.715117937 0.1)
(1.307739269 2.702364265 0.1)
(1.493938874 2.690111248 0.1)
(1.68021291 2.678165428 0.1)
(1.866535122 2.66641844 0.1)
(2.052956785 2.655047284 0.1)
(2.23957164 2.644626732 0.1)
(2.426496366 2.63571964 0.1)
(2.613711311 2.628714647 0.1)
(2.801159209 2.623675832 0.1)
(2.988777044 2.620678534 0.1)
(3.172901997 2.624652318 0.1)
(0 2.826378362 0.1)
(0.1874869568 2.822521746 0.1)
(0.3753436423 2.821591861 0.1)
(0.5629917516 2.81789935 0.1)
(0.7501749877 2.810962431 0.1)
(0.9369656312 2.801992321 0.1)
(1.123526029 2.792164749 0.1)
(1.310118223 2.782473354 0.1)
(1.496806616 2.773162402 0.1)
(1.683551568 2.764084886 0.1)
(1.87033313 2.755158461 0.1)
(2.057190263 2.746517627 0.1)
(2.2441942 2.738599147 0.1)
(2.431433606 2.731830732 0.1)
(2.618893547 2.726507704 0.1)
(2.806530506 2.722678756 0.1)
(2.994296599 2.720401138 0.1)
(3.179408483 2.723420779 0.1)
(0 2.878034051 0.1)
(0.1876713647 2.875127796 0.1)
(0.3756213482 2.874427056 0.1)
(0.5634141536 2.871644467 0.1)
(0.7508566415 2.866416967 0.1)
(0.9380032808 2.859657303 0.1)
(1.124976413 2.852251475 0.1)
(1.311973505 2.844948267 0.1)
(1.499043091 2.837931752 0.1)
(1.686155298 2.831091149 0.1)
(1.873295093 2.824364404 0.1)
(2.060491838 2.817852875 0.1)
(2.24779921 2.811885695 0.1)
(2.435284026 2.806785176 0.1)
(2.622935032 2.802773867 0.1)
(2.810719435 2.799888461 0.1)
(2.99860115 2.798172101 0.1)
(3.184482716 2.800447632 0.1)
(0 2.918318927 0.1)
(0.1878151794 2.916153833 0.1)
(0.3758379236 2.915631798 0.1)
(0.5637435735 2.913558831 0.1)
(0.7513882449 2.909664462 0.1)
(0.9388125157 2.904628664 0.1)
(1.126107527 2.899111489 0.1)
(1.313420389 2.893670764 0.1)
(1.500787257 2.888443618 0.1)
(1.688185876 2.883347523 0.1)
(1.875605048 2.87833625 0.1)
(2.063066646 2.873485307 0.1)
(2.25061066 2.869039892 0.1)
(2.438286865 2.865240121 0.1)
(2.626086878 2.862251786 0.1)
(2.813986268 2.860102224 0.1)
(3.001958154 2.858823574 0.1)
(3.188439973 2.860518794 0.1)
(0 2.949736014 0.1)
(0.1879273366 2.94814893 0.1)
(0.3760068248 2.947766262 0.1)
(0.5640004792 2.946246711 0.1)
(0.751802828 2.943392014 0.1)
(0.9394436161 2.939700613 0.1)
(1.126989653 2.935656348 0.1)
(1.314548775 2.931668122 0.1)
(1.502147485 2.927836458 0.1)
(1.68976947 2.924100857 0.1)
(1.87740652 2.920427434 0.1)
(2.06507467 2.916871538 0.1)
(2.252803234 2.913612906 0.1)
(2.440628698 2.910827552 0.1)
(2.628544916 2.908637008 0.1)
(2.816533982 2.90706131 0.1)
(3.00457619 2.906124019 0.1)
(3.191526131 2.907366669 0.1)
(0 2.97423735 0.1)
(0.188014805 2.973101042 0.1)
(0.3761385463 2.972827062 0.1)
(0.5642008331 2.971739105 0.1)
(0.7521261502 2.96969522 0.1)
(0.9399357943 2.967052279 0.1)
(1.127677599 2.964156695 0.1)
(1.315428772 2.961301235 0.1)
(1.50320829 2.958557868 0.1)
(1.691004471 2.955883281 0.1)
(1.878811439 2.95325321 0.1)
(2.066640674 2.950707286 0.1)
(2.254513163 2.948374196 0.1)
(2.44245503 2.946379959 0.1)
(2.630461875 2.944811588 0.1)
(2.818520876 2.943683432 0.1)
(3.006617925 2.943012358 0.1)
(3.193932942 2.943902061 0.1)
(0 2.993345281 0.1)
(0.1880830192 2.99256052 0.1)
(0.3762412724 2.992371303 0.1)
(0.5643570836 2.991619935 0.1)
(0.7523783004 2.99020838 0.1)
(0.9403196307 2.988383104 0.1)
(1.12821411 2.986383346 0.1)
(1.316115059 2.984411299 0.1)
(1.504035583 2.982516667 0.1)
(1.691967616 2.980669534 0.1)
(1.879907098 2.978853147 0.1)
(2.067861958 2.977094872 0.1)
(2.25584669 2.975483586 0.1)
(2.443879337 2.974106319 0.1)
(2.631956858 2.973023167 0.1)
(2.820070401 2.972244036 0.1)
(3.00821022 2.971780576 0.1)
(3.195809949 2.972395026 0.1)
(0 3.008247039 0.1)
(0.1881362176 3.007736441 0.1)
(0.3763213857 3.007613328 0.1)
(0.5644789392 3.007124456 0.1)
(0.7525749455 3.006206039 0.1)
(0.9406189744 3.005018437 0.1)
(1.12863252 3.003717311 0.1)
(1.316650275 3.002434214 0.1)
(1.504680766 3.001201486 0.1)
(1.692718746 2.999999664 0.1)
(1.880761572 2.998817845 0.1)
(2.068814404 2.997673837 0.1)
(2.256886672 2.996625466 0.1)
(2.444990115 2.995729359 0.1)
(2.633122756 2.995024614 0.1)
(2.821278833 2.994517678 0.1)
(3.009452007 2.994216132 0.1)
(3.197273776 2.994615919 0.1)
(0 3.019868518 0.1)
(0.1881777056 3.019571731 0.1)
(0.3763838638 3.019500172 0.1)
(0.564573971 3.019216014 0.1)
(0.7527283038 3.018682181 0.1)
(0.9408524245 3.017991884 0.1)
(1.128958827 3.017235601 0.1)
(1.317067676 3.016489798 0.1)
(1.505183927 3.015773271 0.1)
(1.693304532 3.015074709 0.1)
(1.881427954 3.014387774 0.1)
(2.069557191 3.013722816 0.1)
(2.257697726 3.013113448 0.1)
(2.445856381 3.012592583 0.1)
(2.634032008 3.012182948 0.1)
(2.822221257 3.011888291 0.1)
(3.010420444 3.011713016 0.1)
(3.198415375 3.011945393 0.1)
(0 3.028931795 0.1)
(0.188210061 3.028801754 0.1)
(0.3764325889 3.0287704 0.1)
(0.5646480838 3.028645892 0.1)
(0.7528479037 3.028411987 0.1)
(0.9410344858 3.028109525 0.1)
(1.129213304 3.027778151 0.1)
(1.317393195 3.027451368 0.1)
(1.505576329 3.027137413 0.1)
(1.693761371 3.026831329 0.1)
(1.881947647 3.02653034 0.1)
(2.070136471 3.026238981 0.1)
(2.258330245 3.025971979 0.1)
(2.446531959 3.025743756 0.1)
(2.634741109 3.025564269 0.1)
(2.822956228 3.025435161 0.1)
(3.011175701 3.025358363 0.1)
(3.199305677 3.025460182 0.1)
(0 3.036 0.1)
(0.1882352941 3.036 0.1)
(0.3764705882 3.036 0.1)
(0.5647058824 3.036 0.1)
(0.7529411765 3.036 0.1)
(0.9411764706 3.036 0.1)
(1.129411765 3.036 0.1)
(1.317647059 3.036 0.1)
(1.505882353 3.036 0.1)
(1.694117647 3.036 0.1)
(1.882352941 3.036 0.1)
(2.070588235 3.036 0.1)
(2.258823529 3.036 0.1)
(2.447058824 3.036 0.1)
(2.635294118 3.036 0.1)
(2.823529412 3.036 0.1)
(3.011764706 3.036 0.1)
(3.2 3.036 0.1)
(3.294734913 1.860372542 0)
(3.466915639 1.860372542 0)
(3.639096366 1.860372542 0)
(3.811277093 1.860372542 0)
(3.98345782 1.860372542 0)
(4.155638546 1.860372542 0)
(4.327819273 1.860372542 0)
(4.5 1.860372542 0)
(4.672180727 1.860372542 0)
(4.844361454 1.860372542 0)
(5.01654218 1.860372542 0)
(5.188722907 1.860372542 0)
(5.360903634 1.860372542 0)
(5.533084361 1.860372542 0)
(5.705265087 1.860372542 0)
(5.877445814 1.860372542 0)
(3.310125638 2.127379636 0)
(3.48010769 2.127379636 0)
(3.650089741 2.127379636 0)
(3.820071793 2.127379636 0)
(3.990053845 2.127379636 0)
(4.160035897 2.127379636 0)
(4.330017948 2.127379636 0)
(4.5 2.127379636 0)
(4.669982052 2.127379636 0)
(4.839964103 2.127379636 0)
(5.009946155 2.127379636 0)
(5.179928207 2.127379636 0)
(5.349910259 2.127379636 0)
(5.51989231 2.127379636 0)
(5.689874362 2.127379636 0)
(5.859856414 2.127379636 0)
(3.322128448 2.335611252 0)
(3.490395813 2.335611252 0)
(3.658663177 2.335611252 0)
(3.826930542 2.335611252 0)
(3.995197906 2.335611252 0)
(4.163465271 2.335611252 0)
(4.331732635 2.335611252 0)
(4.5 2.335611252 0)
(4.668267365 2.335611252 0)
(4.836534729 2.335611252 0)
(5.004802094 2.335611252 0)
(5.173069458 2.335611252 0)
(5.341336823 2.335611252 0)
(5.509604187 2.335611252 0)
(5.677871552 2.335611252 0)
(5.846138916 2.335611252 0)
(3.331489116 2.498005462 0)
(3.498419242 2.498005462 0)
(3.665349369 2.498005462 0)
(3.832279495 2.498005462 0)
(3.999209621 2.498005462 0)
(4.166139747 2.498005462 0)
(4.333069874 2.498005462 0)
(4.5 2.498005462 0)
(4.666930126 2.498005462 0)
(4.833860253 2.498005462 0)
(5.000790379 2.498005462 0)
(5.167720505 2.498005462 0)
(5.334650631 2.498005462 0)
(5.501580758 2.498005462 0)
(5.668510884 2.498005462 0)
(5.83544101 2.498005462 0)
(3.338789248 2.624652318 0)
(3.504676498 2.624652318 0)
(3.670563748 2.624652318 0)
(3.836450999 2.624652318 0)
(4.002338249 2.624652318 0)
(4.168225499 2.624652318 0)
(4.33411275 2.624652318 0)
(4.5 2.624652318 0)
(4.66588725 2.624652318 0)
(4.831774501 2.624652318 0)
(4.997661751 2.624652318 0)
(5.163549001 2.624652318 0)
(5.329436252 2.624652318 0)
(5.495323502 2.624652318 0)
(5.661210752 2.624652318 0)
(5.827098003 2.624652318 0)
(3.344482423 2.723420779 0)
(3.509556363 2.723420779 0)
(3.674630302 2.723420779 0)
(3.839704242 2.723420779 0)
(4.004778181 2.723420779 0)
(4.169852121 2.723420779 0)
(4.33492606 2.723420779 0)
(4.5 2.723420779 0)
(4.66507394 2.723420779 0)
(4.830147879 2.723420779 0)
(4.995221819 2.723420779 0)
(5.160295758 2.723420779 0)
(5.325369698 2.723420779 0)
(5.490443637 2.723420779 0)
(5.655517577 2.723420779 0)
(5.820591517 2.723420779 0)
(3.348922377 2.800447632 0)
(3.513362037 2.800447632 0)
(3.677801698 2.800447632 0)
(3.842241358 2.800447632 0)
(4.006681019 2.800447632 0)
(4.171120679 2.800447632 0)
(4.33556034 2.800447632 0)
(4.5 2.800447632 0)
(4.66443966 2.800447632 0)
(4.828879321 2.800447632 0)
(4.993318981 2.800447632 0)
(5.157758642 2.800447632 0)
(5.322198302 2.800447632 0)
(5.486637963 2.800447632 0)
(5.651077623 2.800447632 0)
(5.815517284 2.800447632 0)
(3.352384977 2.860518794 0)
(3.51632998 2.860518794 0)
(3.680274983 2.860518794 0)
(3.844219987 2.860518794 0)
(4.00816499 2.860518794 0)
(4.172109993 2.860518794 0)
(4.336054997 2.860518794 0)
(4.5 2.860518794 0)
(4.663945003 2.860518794 0)
(4.827890007 2.860518794 0)
(4.99183501 2.860518794 0)
(5.155780013 2.860518794 0)
(5.319725017 2.860518794 0)
(5.48367002 2.860518794 0)
(5.647615023 2.860518794 0)
(5.811560027 2.860518794 0)
(3.355085365 2.907366669 0)
(3.518644598 2.907366669 0)
(3.682203832 2.907366669 0)
(3.845763066 2.907366669 0)
(4.009322299 2.907366669 0)
(4.172881533 2.907366669 0)
(4.336440766 2.907366669 0)
(4.5 2.907366669 0)
(4.663559234 2.907366669 0)
(4.827118467 2.907366669 0)
(4.990677701 2.907366669 0)
(5.154236934 2.907366669 0)
(5.317796168 2.907366669 0)
(5.481355402 2.907366669 0)
(5.644914635 2.907366669 0)
(5.808473869 2.907366669 0)
(3.357191324 2.943902061 0)
(3.520449707 2.943902061 0)
(3.683708089 2.943902061 0)
(3.846966471 2.943902061 0)
(4.010224853 2.943902061 0)
(4.173483236 2.943902061 0)
(4.336741618 2.943902061 0)
(4.5 2.943902061 0)
(4.663258382 2.943902061 0)
(4.826516764 2.943902061 0)
(4.989775147 2.943902061 0)
(5.153033529 2.943902061 0)
(5.316291911 2.943902061 0)
(5.479550293 2.943902061 0)
(5.642808676 2.943902061 0)
(5.806067058 2.943902061 0)
(3.358833705 2.972395026 0)
(3.521857462 2.972395026 0)
(3.684881218 2.972395026 0)
(3.847904974 2.972395026 0)
(4.010928731 2.972395026 0)
(4.173952487 2.972395026 0)
(4.336976244 2.972395026 0)
(4.5 2.972395026 0)
(4.663023756 2.972395026 0)
(4.826047513 2.972395026 0)
(4.989071269 2.972395026 0)
(5.152095026 2.972395026 0)
(5.315118782 2.972395026 0)
(5.478142538 2.972395026 0)
(5.641166295 2.972395026 0)
(5.804190051 2.972395026 0)
(3.360114554 2.994615919 0)
(3.522955332 2.994615919 0)
(3.68579611 2.994615919 0)
(3.848636888 2.994615919 0)
(4.011477666 2.994615919 0)
(4.174318444 2.994615919 0)
(4.337159222 2.994615919 0)
(4.5 2.994615919 0)
(4.662840778 2.994615919 0)
(4.825681556 2.994615919 0)
(4.988522334 2.994615919 0)
(5.151363112 2.994615919 0)
(5.31420389 2.994615919 0)
(5.477044668 2.994615919 0)
(5.639885446 2.994615919 0)
(5.802726224 2.994615919 0)
(3.361113453 3.011945393 0)
(3.523811531 3.011945393 0)
(3.686509609 3.011945393 0)
(3.849207688 3.011945393 0)
(4.011905766 3.011945393 0)
(4.174603844 3.011945393 0)
(4.337301922 3.011945393 0)
(4.5 3.011945393 0)
(4.662698078 3.011945393 0)
(4.825396156 3.011945393 0)
(4.988094234 3.011945393 0)
(5.150792312 3.011945393 0)
(5.313490391 3.011945393 0)
(5.476188469 3.011945393 0)
(5.638886547 3.011945393 0)
(5.801584625 3.011945393 0)
(3.361892468 3.025460182 0)
(3.524479258 3.025460182 0)
(3.687066048 3.025460182 0)
(3.849652839 3.025460182 0)
(4.012239629 3.025460182 0)
(4.174826419 3.025460182 0)
(4.33741321 3.025460182 0)
(4.5 3.025460182 0)
(4.66258679 3.025460182 0)
(4.825173581 3.025460182 0)
(4.987760371 3.025460182 0)
(5.150347161 3.025460182 0)
(5.312933952 3.025460182 0)
(5.475520742 3.025460182 0)
(5.638107532 3.025460182 0)
(5.800694323 3.025460182 0)
(3.3625 3.036 0)
(3.525 3.036 0)
(3.6875 3.036 0)
(3.85 3.036 0)
(4.0125 3.036 0)
(4.175 3.036 0)
(4.3375 3.036 0)
(4.5 3.036 0)
(4.6625 3.036 0)
(4.825 3.036 0)
(4.9875 3.036 0)
(5.15 3.036 0)
(5.3125 3.036 0)
(5.475 3.036 0)
(5.6375 3.036 0)
(5.8 3.036 0)
(3.294734913 1.860372542 0.1)
(3.466915639 1.860372542 0.1)
(3.639096366 1.860372542 0.1)
(3.811277093 1.860372542 0.1)
(3.98345782 1.860372542 0.1)
(4.155638546 1.860372542 0.1)
(4.327819273 1.860372542 0.1)
(4.5 1.860372542 0.1)
(4.672180727 1.860372542 0.1)
(4.844361454 1.860372542 0.1)
(5.01654218 1.860372542 0.1)
(5.188722907 1.860372542 0.1)
(5.360903634 1.860372542 0.1)
(5.533084361 1.860372542 0.1)
(5.705265087 1.860372542 0.1)
(5.877445814 1.860372542 0.1)
(3.310125638 2.127379636 0.1)
(3.48010769 2.127379636 0.1)
(3.650089741 2.127379636 0.1)
(3.820071793 2.127379636 0.1)
(3.990053845 2.127379636 0.1)
(4.160035897 2.127379636 0.1)
(4.330017948 2.127379636 0.1)
(4.5 2.127379636 0.1)
(4.669982052 2.127379636 0.1)
(4.839964103 2.127379636 0.1)
(5.009946155 2.127379636 0.1)
(5.179928207 2.127379636 0.1)
(5.349910259 2.127379636 0.1)
(5.51989231 2.127379636 0.1)
(5.689874362 2.127379636 0.1)
(5.859856414 2.127379636 0.1)
(3.322128448 2.335611252 0.1)
(3.490395813 2.335611252 0.1)
(3.658663177 2.335611252 0.1)
(3.826930542 2.335611252 0.1)
(3.995197906 2.335611252 0.1)
(4.163465271 2.335611252 0.1)
(4.331732635 2.335611252 0.1)
(4.5 2.335611252 0.1)
(4.668267365 2.335611252 0.1)
(4.836534729 2.335611252 0.1)
(5.004802094 2.335611252 0.1)
(5.173069458 2.335611252 0.1)
(5.341336823 2.335611252 0.1)
(5.509604187 2.335611252 0.1)
(5.677871552 2.335611252 0.1)
(5.846138916 2.335611252 0.1)
(3.331489116 2.498005462 0.1)
(3.498419242 2.498005462 0.1)
(3.665349369 2.498005462 0.1)
(3.832279495 2.498005462 0.1)
(3.999209621 2.498005462 0.1)
(4.166139747 2.498005462 0.1)
(4.333069874 2.498005462 0.1)
(4.5 2.498005462 0.1)
(4.666930126 2.498005462 0.1)
(4.833860253 2.498005462 0.1)
(5.000790379 2.498005462 0.1)
(5.167720505 2.498005462 0.1)
(5.334650631 2.498005462 0.1)
(5.501580758 2.498005462 0.1)
(5.668510884 2.498005462 0.1)
(5.83544101 2.498005462 0.1)
(3.338789248 2.624652318 0.1)
(3.504676498 2.624652318 0.1)
(3.670563748 2.624652318 0.1)
(3.836450999 2.624652318 0.1)
(4.002338249 2.624652318 0.1)
(4.168225499 2.624652318 0.1)
(4.33411275 2.624652318 0.1)
(4.5 2.624652318 0.1)
(4.66588725 2.624652318 0.1)
(4.831774501 2.624652318 0.1)
(4.997661751 2.624652318 0.1)
(5.163549001 2.624652318 0.1)
(5.329436252 2.624652318 0.1)
(5.495323502 2.624652318 0.1)
(5.661210752 2.624652318 0.1)
(5.827098003 2.624652318 0.1)
(3.344482423 2.723420779 0.1)
(3.509556363 2.723420779 0.1)
(3.674630302 2.723420779 0.1)
(3.839704242 2.723420779 0.1)
(4.004778181 2.723420779 0.1)
(4.169852121 2.723420779 0.1)
(4.33492606 2.723420779 0.1)
(4.5 2.723420779 0.1)
(4.66507394 2.723420779 0.1)
(4.830147879 2.723420779 0.1)
(4.995221819 2.723420779 0.1)
(5.160295758 2.723420779 0.1)
(5.325369698 2.723420779 0.1)
(5.490443637 2.723420779 0.1)
(5.655517577 2.723420779 0.1)
(5.820591517 2.723420779 0.1)
(3.348922377 2.800447632 0.1)
(3.513362037 2.800447632 0.1)
(3.677801698 2.800447632 0.1)
(3.842241358 2.800447632 0.1)
(4.006681019 2.800447632 0.1)
(4.171120679 2.800447632 0.1)
(4.33556034 2.800447632 0.1)
(4.5 2.800447632 0.1)
(4.66443966 2.800447632 0.1)
(4.828879321 2.800447632 0.1)
(4.993318981 2.800447632 0.1)
(5.157758642 2.800447632 0.1)
(5.322198302 2.800447632 0.1)
(5.486637963 2.800447632 0.1)
(5.651077623 2.800447632 0.1)
(5.815517284 2.800447632 0.1)
(3.352384977 2.860518794 0.1)
(3.51632998 2.860518794 0.1)
(3.680274983 2.860518794 0.1)
(3.844219987 2.860518794 0.1)
(4.00816499 2.860518794 0.1)
(4.172109993 2.860518794 0.1)
(4.336054997 2.860518794 0.1)
(4.5 2.860518794 0.1)
(4.663945003 2.860518794 0.1)
(4.827890007 2.860518794 0.1)
(4.99183501 2.860518794 0.1)
(5.155780013 2.860518794 0.1)
(5.319725017 2.860518794 0.1)
(5.48367002 2.860518794 0.1)
(5.647615023 2.860518794 0.1)
(5.811560027 2.860518794 0.1)
(3.355085365 2.907366669 0.1)
(3.518644598 2.907366669 0.1)
(3.682203832 2.907366669 0.1)
(3.845763066 2.907366669 0.1)
(4.009322299 2.907366669 0.1)
(4.172881533 2.907366669 0.1)
(4.336440766 2.907366669 0.1)
(4.5 2.907366669 0.1)
(4.663559234 2.907366669 0.1)
(4.827118467 2.907366669 0.1)
(4.990677701 2.907366669 0.1)
(5.154236934 2.907366669 0.1)
(5.317796168 2.907366669 0.1)
(5.481355402 2.907366669 0.1)
(5.644914635 2.907366669 0.1)
(5.808473869 2.907366669 0.1)
(3.357191324 2.943902061 0.1)
(3.520449707 2.943902061 0.1)
(3.683708089 2.943902061 0.1)
(3.846966471 2.943902061 0.1)
(4.010224853 2.943902061 0.1)
(4.173483236 2.943902061 0.1)
(4.336741618 2.943902061 0.1)
(4.5 2.943902061 0.1)
(4.663258382 2.943902061 0.1)
(4.826516764 2.943902061 0.1)
(4.989775147 2.943902061 0.1)
(5.153033529 2.943902061 0.1)
(5.316291911 2.943902061 0.1)
(5.479550293 2.943902061 0.1)
(5.642808676 2.943902061 0.1)
(5.806067058 2.943902061 0.1)
(3.358833705 2.972395026 0.1)
(3.521857462 2.972395026 0.1)
(3.684881218 2.972395026 0.1)
(3.847904974 2.972395026 0.1)
(4.010928731 2.972395026 0.1)
(4.173952487 2.972395026 0.1)
(4.336976244 2.972395026 0.1)
(4.5 2.972395026 0.1)
(4.663023756 2.972395026 0.1)
(4.826047513 2.972395026 0.1)
(4.989071269 2.972395026 0.1)
(5.152095026 2.972395026 0.1)
(5.315118782 2.972395026 0.1)
(5.478142538 2.972395026 0.1)
(5.641166295 2.972395026 0.1)
(5.804190051 2.972395026 0.1)
(3.360114554 2.994615919 0.1)
(3.522955332 2.994615919 0.1)
(3.68579611 2.994615919 0.1)
(3.848636888 2.994615919 0.1)
(4.011477666 2.994615919 0.1)
(4.174318444 2.994615919 0.1)
(4.337159222 2.994615919 0.1)
(4.5 2.994615919 0.1)
(4.662840778 2.994615919 0.1)
(4.825681556 2.994615919 0.1)
(4.988522334 2.994615919 0.1)
(5.151363112 2.994615919 0.1)
(5.31420389 2.994615919 0.1)
(5.477044668 2.994615919 0.1)
(5.639885446 2.994615919 0.1)
(5.802726224 2.994615919 0.1)
(3.361113453 3.011945393 0.1)
(3.523811531 3.011945393 0.1)
(3.686509609 3.011945393 0.1)
(3.849207688 3.011945393 0.1)
(4.011905766 3.011945393 0.1)
(4.174603844 3.011945393 0.1)
(4.337301922 3.011945393 0.1)
(4.5 3.011945393 0.1)
(4.662698078 3.011945393 0.1)
(4.825396156 3.011945393 0.1)
(4.988094234 3.011945393 0.1)
(5.150792312 3.011945393 0.1)
(5.313490391 3.011945393 0.1)
(5.476188469 3.011945393 0.1)
(5.638886547 3.011945393 0.1)
(5.801584625 3.011945393 0.1)
(3.361892468 3.025460182 0.1)
(3.524479258 3.025460182 0.1)
(3.687066048 3.025460182 0.1)
(3.849652839 3.025460182 0.1)
(4.012239629 3.025460182 0.1)
(4.174826419 3.025460182 0.1)
(4.33741321 3.025460182 0.1)
(4.5 3.025460182 0.1)
(4.66258679 3.025460182 0.1)
(4.825173581 3.025460182 0.1)
(4.987760371 3.025460182 0.1)
(5.150347161 3.025460182 0.1)
(5.312933952 3.025460182 0.1)
(5.475520742 3.025460182 0.1)
(5.638107532 3.025460182 0.1)
(5.800694323 3.025460182 0.1)
(3.3625 3.036 0.1)
(3.525 3.036 0.1)
(3.6875 3.036 0.1)
(3.85 3.036 0.1)
(4.0125 3.036 0.1)
(4.175 3.036 0.1)
(4.3375 3.036 0.1)
(4.5 3.036 0.1)
(4.6625 3.036 0.1)
(4.825 3.036 0.1)
(4.9875 3.036 0.1)
(5.15 3.036 0.1)
(5.3125 3.036 0.1)
(5.475 3.036 0.1)
(5.6375 3.036 0.1)
(5.8 3.036 0.1)
(6.053933795 1.849015507 0)
(6.240404399 1.857581755 0)
(6.426389321 1.871982637 0)
(6.611708469 1.892002834 0)
(6.796198173 1.917459212 0)
(6.979802268 1.947241043 0)
(7.162854224 1.979739689 0)
(7.34562195 2.013312461 0)
(7.528251987 2.047453492 0)
(7.710669302 2.082472489 0)
(7.892724806 2.118922352 0)
(8.074660725 2.155884388 0)
(8.25746261 2.189621457 0)
(8.441741057 2.215711588 0)
(8.627767917 2.229599322 0)
(8.814579243 2.23309667 0)
(9 2.247601613 0)
(6.039012431 2.118601997 0)
(6.225883829 2.125222688 0)
(6.412379853 2.136352859 0)
(6.598361312 2.151826094 0)
(6.78370171 2.171500849 0)
(6.968357638 2.194518667 0)
(7.152586827 2.21963626 0)
(7.336596341 2.245584024 0)
(7.520499437 2.271970985 0)
(7.704238125 2.299036509 0)
(7.887697175 2.327207924 0)
(8.0710638 2.355775187 0)
(8.255099715 2.381849933 0)
(8.440276836 2.402014505 0)
(8.626805273 2.412748074 0)
(8.813940009 2.415451108 0)
(9 2.426661706 0)
(6.027375662 2.328845214 0)
(6.214559628 2.33394862 0)
(6.401454247 2.342528051 0)
(6.587952226 2.354455232 0)
(6.773956057 2.369621057 0)
(6.95943228 2.387363803 0)
(7.144579562 2.406725112 0)
(7.329557512 2.426726339 0)
(7.514453433 2.44706611 0)
(7.699222623 2.467928937 0)
(7.883776261 2.489644212 0)
(8.068258656 2.511664619 0)
(8.253256956 2.531763727 0)
(8.439134929 2.547307115 0)
(8.626054532 2.555580836 0)
(8.813441487 2.557664406 0)
(9 2.566305833 0)
(6.01830046 2.492808218 0)
(6.205728191 2.496728333 0)
(6.392933662 2.503318512 0)
(6.57983446 2.512480221 0)
(6.766355685 2.524129653 0)
(6.952471634 2.537758514 0)
(7.138334912 2.552630652 0)
(7.324068119 2.567994336 0)
(7.509738317 2.583618067 0)
(7.695311168 2.599643577 0)
(7.880718446 2.616323884 0)
(8.066071 2.633238574 0)
(8.251819839 2.648677443 0)
(8.438244387 2.660616895 0)
(8.62546905 2.666972247 0)
(8.813052704 2.668572714 0)
(9 2.675210514 0)
(6.011222956 2.620678534 0)
(6.198840791 2.623675832 0)
(6.386288689 2.628714647 0)
(6.573503634 2.63571964 0)
(6.76042836 2.644626732 0)
(6.947043215 2.655047284 0)
(7.133464878 2.66641844 0)
(7.31978709 2.678165428 0)
(7.506061126 2.690111248 0)
(7.692260731 2.702364265 0)
(7.878333739 2.715117937 0)
(8.064364905 2.728050816 0)
(8.25069907 2.739855291 0)
(8.437549878 2.748984131 0)
(8.625012449 2.753843398 0)
(8.812749502 2.755067107 0)
(9 2.760142332 0)
(6.005703401 2.720401138 0)
(6.193469494 2.722678756 0)
(6.381106453 2.726507704 0)
(6.568566394 2.731830732 0)
(6.7558058 2.738599147 0)
(6.942809737 2.746517627 0)
(7.12966687 2.755158461 0)
(7.316448432 2.764084886 0)
(7.503193384 2.773162402 0)
(7.689881777 2.782473354 0)
(7.876473971 2.792164749 0)
(8.063034369 2.801992321 0)
(8.249825012 2.810962431 0)
(8.437008248 2.81789935 0)
(8.624656358 2.821591861 0)
(8.812513043 2.822521746 0)
(9 2.826378362 0)
(6.00139885 2.798172101 0)
(6.189280565 2.799888461 0)
(6.377064968 2.802773867 0)
(6.564715974 2.806785176 0)
(6.75220079 2.811885695 0)
(6.939508162 2.817852875 0)
(7.126704907 2.824364404 0)
(7.313844702 2.831091149 0)
(7.500956909 2.837931752 0)
(7.688026495 2.844948267 0)
(7.875023587 2.852251475 0)
(8.061996719 2.859657303 0)
(8.249143358 2.866416967 0)
(8.436585846 2.871644467 0)
(8.624378652 2.874427056 0)
(8.812328635 2.875127796 0)
(9 2.878034051 0)
(5.998041846 2.858823574 0)
(6.186013732 2.860102224 0)
(6.373913122 2.862251786 0)
(6.561713135 2.865240121 0)
(6.74938934 2.869039892 0)
(6.936933354 2.873485307 0)
(7.124394952 2.87833625 0)
(7.311814124 2.883347523 0)
(7.499212743 2.888443618 0)
(7.686579611 2.893670764 0)
(7.873892473 2.899111489 0)
(8.061187484 2.904628664 0)
(8.248611755 2.909664462 0)
(8.436256426 2.913558831 0)
(8.624162076 2.915631798 0)
(8.812184821 2.916153833 0)
(9 2.918318927 0)
(5.99542381 2.906124019 0)
(6.183466018 2.90706131 0)
(6.371455084 2.908637008 0)
(6.559371302 2.910827552 0)
(6.747196766 2.913612906 0)
(6.93492533 2.916871538 0)
(7.12259348 2.920427434 0)
(7.31023053 2.924100857 0)
(7.497852515 2.927836458 0)
(7.685451225 2.931668122 0)
(7.873010347 2.935656348 0)
(8.060556384 2.939700613 0)
(8.248197172 2.943392014 0)
(8.435999521 2.946246711 0)
(8.623993175 2.947766262 0)
(8.812072663 2.94814893 0)
(9 2.949736014 0)
(5.993382075 2.943012358 0)
(6.181479124 2.943683432 0)
(6.369538125 2.944811588 0)
(6.55754497 2.946379959 0)
(6.745486837 2.948374196 0)
(6.933359326 2.950707286 0)
(7.121188561 2.95325321 0)
(7.308995529 2.955883281 0)
(7.49679171 2.958557868 0)
(7.684571228 2.961301235 0)
(7.872322401 2.964156695 0)
(8.060064206 2.967052279 0)
(8.24787385 2.96969522 0)
(8.435799167 2.971739105 0)
(8.623861454 2.972827062 0)
(8.811985195 2.973101042 0)
(9 2.97423735 0)
(5.99178978 2.971780576 0)
(6.179929599 2.972244036 0)
(6.368043142 2.973023167 0)
(6.556120663 2.974106319 0)
(6.74415331 2.975483586 0)
(6.932138042 2.977094872 0)
(7.120092902 2.978853147 0)
(7.308032384 2.980669534 0)
(7.495964417 2.982516667 0)
(7.683884941 2.984411299 0)
(7.87178589 2.986383346 0)
(8.059680369 2.988383104 0)
(8.2476217 2.99020838 0)
(8.435642916 2.991619935 0)
(8.623758728 2.992371303 0)
(8.811916981 2.99256052 0)
(9 2.993345281 0)
(5.990547993 2.994216132 0)
(6.178721167 2.994517678 0)
(6.366877244 2.995024614 0)
(6.555009885 2.995729359 0)
(6.743113328 2.996625466 0)
(6.931185596 2.997673837 0)
(7.119238428 2.998817845 0)
(7.307281254 2.999999664 0)
(7.495319234 3.001201486 0)
(7.683349725 3.002434214 0)
(7.87136748 3.003717311 0)
(8.059381026 3.005018437 0)
(8.247425054 3.006206039 0)
(8.435521061 3.007124456 0)
(8.623678614 3.007613328 0)
(8.811863782 3.007736441 0)
(9 3.008247039 0)
(5.989579556 3.011713016 0)
(6.177778743 3.011888291 0)
(6.365967992 3.012182948 0)
(6.554143619 3.012592583 0)
(6.742302274 3.013113448 0)
(6.930442809 3.013722816 0)
(7.118572046 3.014387774 0)
(7.306695468 3.015074709 0)
(7.494816073 3.015773271 0)
(7.682932324 3.016489798 0)
(7.871041173 3.017235601 0)
(8.059147576 3.017991884 0)
(8.247271696 3.018682181 0)
(8.435426029 3.019216014 0)
(8.623616136 3.019500172 0)
(8.811822294 3.019571731 0)
(9 3.019868518 0)
(5.988824299 3.025358363 0)
(6.177043772 3.025435161 0)
(6.365258891 3.025564269 0)
(6.553468041 3.025743756 0)
(6.741669755 3.025971979 0)
(6.929863529 3.026238981 0)
(7.118052353 3.02653034 0)
(7.306238629 3.026831329 0)
(7.494423671 3.027137413 0)
(7.682606805 3.027451368 0)
(7.870786696 3.027778151 0)
(8.058965514 3.028109525 0)
(8.247152096 3.028411987 0)
(8.435351916 3.028645892 0)
(8.623567411 3.0287704 0)
(8.811789939 3.028801754 0)
(9 3.028931795 0)
(5.988235294 3.036 0)
(6.176470588 3.036 0)
(6.364705882 3.036 0)
(6.552941176 3.036 0)
(6.741176471 3.036 0)
(6.929411765 3.036 0)
(7.117647059 3.036 0)
(7.305882353 3.036 0)
(7.494117647 3.036 0)
(7.682352941 3.036 0)
(7.870588235 3.036 0)
(8.058823529 3.036 0)
(8.247058824 3.036 0)
(8.435294118 3.036 0)
(8.623529412 3.036 0)
(8.811764706 3.036 0)
(9 3.036 0)
(6.053933795 1.849015507 0.1)
(6.240404399 1.857581755 0.1)
(6.426389321 1.871982637 0.1)
(6.611708469 1.892002834 0.1)
(6.796198173 1.917459212 0.1)
(6.979802268 1.947241043 0.1)
(7.162854224 1.979739689 0.1)
(7.34562195 2.013312461 0.1)
(7.528251987 2.047453492 0.1)
(7.710669302 2.082472489 0.1)
(7.892724806 2.118922352 0.1)
(8.074660725 2.155884388 0.1)
(8.25746261 2.189621457 0.1)
(8.441741057 2.215711588 0.1)
(8.627767917 2.229599322 0.1)
(8.814579243 2.23309667 0.1)
(9 2.247601613 0.1)
(6.039012431 2.118601997 0.1)
(6.225883829 2.125222688 0.1)
(6.412379853 2.136352859 0.1)
(6.598361312 2.151826094 0.1)
(6.78370171 2.171500849 0.1)
(6.968357638 2.194518667 0.1)
(7.152586827 2.21963626 0.1)
(7.336596341 2.245584024 0.1)
(7.520499437 2.271970985 0.1)
(7.704238125 2.299036509 0.1)
(7.887697175 2.327207924 0.1)
(8.0710638 2.355775187 0.1)
(8.255099715 2.381849933 0.1)
(8.440276836 2.402014505 0.1)
(8.626805273 2.412748074 0.1)
(8.813940009 2.415451108 0.1)
(9 2.426661706 0.1)
(6.027375662 2.328845214 0.1)
(6.214559628 2.33394862 0.1)
(6.401454247 2.342528051 0.1)
(6.587952226 2.354455232 0.1)
(6.773956057 2.369621057 0.1)
(6.95943228 2.387363803 0.1)
(7.144579562 2.406725112 0.1)
(7.329557512 2.426726339 0.1)
(7.514453433 2.44706611 0.1)
(7.699222623 2.467928937 0.1)
(7.883776261 2.489644212 0.1)
(8.068258656 2.511664619 0.1)
(8.253256956 2.531763727 0.1)
(8.439134929 2.547307115 0.1)
(8.626054532 2.555580836 0.1)
(8.813441487 2.557664406 0.1)
(9 2.566305833 0.1)
(6.01830046 2.492808218 0.1)
(6.205728191 2.496728333 0.1)
(6.392933662 2.503318512 0.1)
(6.57983446 2.512480221 0.1)
(6.766355685 2.524129653 0.1)
(6.952471634 2.537758514 0.1)
(7.138334912 2.552630652 0.1)
(7.324068119 2.567994336 0.1)
(7.509738317 2.583618067 0.1)
(7.695311168 2.599643577 0.1)
(7.880718446 2.616323884 0.1)
(8.066071 2.633238574 0.1)
(8.251819839 2.648677443 0.1)
(8.438244387 2.660616895 0.1)
(8.62546905 2.666972247 0.1)
(8.813052704 2.668572714 0.1)
(9 2.675210514 0.1)
(6.011222956 2.620678534 0.1)
(6.198840791 2.623675832 0.1)
(6.386288689 2.628714647 0.1)
(6.573503634 2.63571964 0.1)
(6.76042836 2.644626732 0.1)
(6.947043215 2.655047284 0.1)
(7.133464878 2.66641844 0.1)
(7.31978709 2.678165428 0.1)
(7.506061126 2.690111248 0.1)
(7.692260731 2.702364265 0.1)
(7.878333739 2.715117937 0.1)
(8.064364905 2.728050816 0.1)
(8.25069907 2.739855291 0.1)
(8.437549878 2.748984131 0.1)
(8.625012449 2.753843398 0.1)
(8.812749502 2.755067107 0.1)
(9 2.760142332 0.1)
(6.005703401 2.720401138 0.1)
(6.193469494 2.722678756 0.1)
(6.381106453 2.726507704 0.1)
(6.568566394 2.731830732 0.1)
(6.7558058 2.738599147 0.1)
(6.942809737 2.746517627 0.1)
(7.12966687 2.755158461 0.1)
(7.316448432 2.764084886 0.1)
(7.503193384 2.773162402 0.1)
(7.689881777 2.782473354 0.1)
(7.876473971 2.792164749 0.1)
(8.063034369 2.801992321 0.1)
(8.249825012 2.810962431 0.1)
(8.437008248 2.81789935 0.1)
(8.624656358 2.821591861 0.1)
(8.812513043 2.822521746 0.1)
(9 2.826378362 0.1)
(6.00139885 2.798172101 0.1)
(6.189280565 2.799888461 0.1)
(6.377064968 2.802773867 0.1)
(6.564715974 2.806785176 0.1)
(6.75220079 2.811885695 0.1)
(6.939508162 2.817852875 0.1)
(7.126704907 2.824364404 0.1)
(7.313844702 2.831091149 0.1)
(7.500956909 2.837931752 0.1)
(7.688026495 2.844948267 0.1)
(7.875023587 2.852251475 0.1)
(8.061996719 2.859657303 0.1)
(8.249143358 2.866416967 0.1)
(8.436585846 2.871644467 0.1)
(8.624378652 2.874427056 0.1)
(8.812328635 2.875127796 0.1)
(9 2.878034051 0.1)
(5.998041846 2.858823574 0.1)
(6.186013732 2.860102224 0.1)
(6.373913122 2.862251786 0.1)
(6.561713135 2.865240121 0.1)
(6.74938934 2.869039892 0.1)
(6.936933354 2.873485307 0.1)
(7.124394952 2.87833625 0.1)
(7.311814124 2.883347523 0.1)
(7.499212743 2.888443618 0.1)
(7.686579611 2.893670764 0.1)
(7.873892473 2.899111489 0.1)
(8.061187484 2.904628664 0.1)
(8.248611755 2.909664462 0.1)
(8.436256426 2.913558831 0.1)
(8.624162076 2.915631798 0.1)
(8.812184821 2.916153833 0.1)
(9 2.918318927 0.1)
(5.99542381 2.906124019 0.1)
(6.183466018 2.90706131 0.1)
(6.371455084 2.908637008 0.1)
(6.559371302 2.910827552 0.1)
(6.747196766 2.913612906 0.1)
(6.93492533 2.916871538 0.1)
(7.12259348 2.920427434 0.1)
(7.31023053 2.924100857 0.1)
(7.497852515 2.927836458 0.1)
(7.685451225 2.931668122 0.1)
(7.873010347 2.935656348 0.1)
(8.060556384 2.939700613 0.1)
(8.248197172 2.943392014 0.1)
(8.435999521 2.946246711 0.1)
(8.623993175 2.947766262 0.1)
(8.812072663 2.94814893 0.1)
(9 2.949736014 0.1)
(5.993382075 2.943012358 0.1)
(6.181479124 2.943683432 0.1)
(6.369538125 2.944811588 0.1)
(6.55754497 2.946379959 0.1)
(6.745486837 2.948374196 0.1)
(6.933359326 2.950707286 0.1)
(7.121188561 2.95325321 0.1)
(7.308995529 2.955883281 0.1)
(7.49679171 2.958557868 0.1)
(7.684571228 2.961301235 0.1)
(7.872322401 2.964156695 0.1)
(8.060064206 2.967052279 0.1)
(8.24787385 2.96969522 0.1)
(8.435799167 2.971739105 0.1)
(8.623861454 2.972827062 0.1)
(8.811985195 2.973101042 0.1)
(9 2.97423735 0.1)
(5.99178978 2.971780576 0.1)
(6.179929599 2.972244036 0.1)
(6.368043142 2.973023167 0.1)
(6.556120663 2.974106319 0.1)
(6.74415331 2.975483586 0.1)
(6.932138042 2.977094872 0.1)
(7.120092902 2.978853147 0.1)
(7.308032384 2.980669534 0.1)
(7.495964417 2.982516667 0.1)
(7.683884941 2.984411299 0.1)
(7.87178589 2.986383346 0.1)
(8.059680369 2.988383104 0.1)
(8.2476217 2.99020838 0.1)
(8.435642916 2.991619935 0.1)
(8.623758728 2.992371303 0.1)
(8.811916981 2.99256052 0.1)
(9 2.993345281 0.1)
(5.990547993 2.994216132 0.1)
(6.178721167 2.994517678 0.1)
(6.366877244 2.995024614 0.1)
(6.555009885 2.995729359 0.1)
(6.743113328 2.996625466 0.1)
(6.931185596 2.997673837 0.1)
(7.119238428 2.998817845 0.1)
(7.307281254 2.999999664 0.1)
(7.495319234 3.001201486 0.1)
(7.683349725 3.002434214 0.1)
(7.87136748 3.003717311 0.1)
(8.059381026 3.005018437 0.1)
(8.247425054 3.006206039 0.1)
(8.435521061 3.007124456 0.1)
(8.623678614 3.007613328 0.1)
(8.811863782 3.007736441 0.1)
(9 3.008247039 0.1)
(5.989579556 3.011713016 0.1)
(6.177778743 3.011888291 0.1)
(6.365967992 3.012182948 0.1)
(6.554143619 3.012592583 0.1)
(6.742302274 3.013113448 0.1)
(6.930442809 3.013722816 0.1)
(7.118572046 3.014387774 0.1)
(7.306695468 3.015074709 0.1)
(7.494816073 3.015773271 0.1)
(7.682932324 3.016489798 0.1)
(7.871041173 3.017235601 0.1)
(8.059147576 3.017991884 0.1)
(8.247271696 3.018682181 0.1)
(8.435426029 3.019216014 0.1)
(8.623616136 3.019500172 0.1)
(8.811822294 3.019571731 0.1)
(9 3.019868518 0.1)
(5.988824299 3.025358363 0.1)
(6.177043772 3.025435161 0.1)
(6.365258891 3.025564269 0.1)
(6.553468041 3.025743756 0.1)
(6.741669755 3.025971979 0.1)
(6.929863529 3.026238981 0.1)
(7.118052353 3.02653034 0.1)
(7.306238629 3.026831329 0.1)
(7.494423671 3.027137413 0.1)
(7.682606805 3.027451368 0.1)
(7.870786696 3.027778151 0.1)
(8.058965514 3.028109525 0.1)
(8.247152096 3.028411987 0.1)
(8.435351916 3.028645892 0.1)
(8.623567411 3.0287704 0.1)
(8.811789939 3.028801754 0.1)
(9 3.028931795 0.1)
(5.988235294 3.036 0.1)
(6.176470588 3.036 0.1)
(6.364705882 3.036 0.1)
(6.552941176 3.036 0.1)
(6.741176471 3.036 0.1)
(6.929411765 3.036 0.1)
(7.117647059 3.036 0.1)
(7.305882353 3.036 0.1)
(7.494117647 3.036 0.1)
(7.682352941 3.036 0.1)
(7.870588235 3.036 0.1)
(8.058823529 3.036 0.1)
(8.247058824 3.036 0.1)
(8.435294118 3.036 0.1)
(8.623529412 3.036 0.1)
(8.811764706 3.036 0.1)
(9 3.036 0.1)
)


// ************************************************************************* //
