/*--------------------------------*- C++ -*----------------------------------*\
| =========                 |                                                 |
| \\      /  F ield         | OpenFOAM: The Open Source CFD Toolbox           |
|  \\    /   O peration     | Version:  2.3.x                                 |
|   \\  /    A nd           | Web:      www.OpenFOAM.org                      |
|    \\/     M anipulation  |                                                 |
\*---------------------------------------------------------------------------*/
FoamFile
{
    version     2.0;
    format      ascii;
    class       volVectorField;
    location    "0";
    object      U;
}
// * * * * * * * * * * * * * * * * * * * * * * * * * * * * * * * * * * * * * //

dimensions      [0 1 -1 0 0 0 0];

internalField   nonuniform List<vector> 
1500
(
(0.0128788 -0.000290213 -1.58569e-24)
(0.00979908 -0.00276441 2.08408e-24)
(0.000700642 -0.000844269 0)
(-0.00219647 0.00155024 1.01371e-18)
(-0.00151167 0.00109017 0)
(-0.00199722 0.00145982 -4.22722e-21)
(-0.00222547 0.00166014 -4.56308e-19)
(-0.00219721 0.00156832 0)
(-0.00216348 0.00130073 -4.26822e-19)
(-0.00219546 0.00092697 2.60402e-19)
(-0.00226574 0.000482934 2.928e-19)
(-0.00232718 4.62055e-05 -3.72799e-20)
(-0.00213851 -2.45051e-05 0)
(-0.0016552 -3.09705e-05 0)
(-0.00110203 -2.99176e-05 0)
(-0.000596902 -2.64422e-05 -2.22294e-22)
(-0.000102235 -2.53643e-05 0)
(0.0150987 -0.000358303 0)
(0.0121789 -0.00329572 0)
(0.00419852 -0.00219842 -1.31762e-19)
(-0.00443222 0.00377905 -1.56493e-18)
(-0.00327194 0.00269845 2.4485e-18)
(-0.00253573 0.00202948 -6.87507e-19)
(-0.00240137 0.00186064 2.72263e-19)
(-0.00236097 0.00171611 2.3064e-22)
(-0.00234827 0.00142556 2.50795e-19)
(-0.0024111 0.00102505 -1.52702e-19)
(-0.00249677 0.000541311 1.68674e-19)
(-0.00252301 5.5732e-05 1.01369e-20)
(-0.00226825 -2.88628e-05 2.61737e-22)
(-0.00173579 -4.39623e-05 1.04588e-21)
(-0.0011414 -4.49207e-05 0)
(-0.000603849 -4.20803e-05 -3.72585e-22)
(-7.83225e-05 -4.07447e-05 5.52241e-22)
(0.0170971 -0.000286999 0)
(0.0142212 -0.00359464 5.73323e-20)
(0.00682821 -0.00328499 6.28175e-20)
(-0.00458247 0.00410498 7.50043e-22)
(-0.0040668 0.00324523 -2.13679e-18)
(-0.00287978 0.00223107 -2.53415e-22)
(-0.00258661 0.00198567 -6.08434e-19)
(-0.00253107 0.00183347 2.48776e-22)
(-0.00253051 0.00153593 -5.78458e-19)
(-0.00260845 0.00111232 0)
(-0.00269317 0.000582855 -1.80599e-19)
(-0.00267235 4.36161e-05 0)
(-0.0023504 -6.66463e-05 0)
(-0.00177237 -9.35017e-05 -8.44294e-22)
(-0.00114065 -9.36011e-05 -1.08613e-21)
(-0.000572176 -8.67234e-05 2.77812e-22)
(-1.44262e-05 -8.37933e-05 -1.78645e-21)
(0.018858 -0.000178728 -7.70714e-22)
(0.0160432 -0.00373114 -5.13998e-20)
(0.00885627 -0.00387381 -2.46894e-20)
(-0.00104491 0.00189348 5.00905e-22)
(-0.00335365 0.00269418 -4.94562e-22)
(-0.00295947 0.00222201 1.04092e-21)
(-0.00270034 0.00204462 3.33379e-19)
(-0.00266127 0.00191853 0)
(-0.00267797 0.00162366 6.54412e-19)
(-0.00275973 0.00117855 7.04527e-22)
(-0.0028274 0.000606525 1.90062e-19)
(-0.00274845 2.0462e-05 1.47169e-21)
(-0.00235893 -0.000118761 -6.03498e-22)
(-0.00174142 -0.000158849 0)
(-0.00107878 -0.000157531 5.81698e-22)
(-0.000482946 -0.000145687 5.76579e-22)
(0.000106231 -0.000141166 1.27456e-21)
(0.0203872 -4.21365e-05 7.31713e-22)
(0.0177058 -0.00371117 1.29754e-24)
(0.0108105 -0.00420749 8.22763e-21)
(0.00242505 -0.00011079 -3.34443e-19)
(-0.00188994 0.00177687 -1.45046e-21)
(-0.00268419 0.00200413 8.23414e-22)
(-0.00266559 0.00200028 0)
(-0.00270114 0.00194236 3.39581e-19)
(-0.00274952 0.00166715 -3.65038e-19)
(-0.00282766 0.00120776 1.59594e-21)
(-0.00286482 0.000600733 -2.02071e-19)
(-0.00271714 -2.2495e-05 0)
(-0.00226051 -0.000193384 1.35716e-21)
(-0.00161244 -0.000246971 3.93096e-21)
(-0.000928112 -0.000242955 1.30169e-21)
(-0.000311058 -0.00022464 -1.23964e-21)
(0.000305298 -0.000218202 0)
(0.0216983 0.000115386 -3.6088e-24)
(0.0192323 -0.00353392 -2.12227e-20)
(0.0127696 -0.00437981 8.20002e-21)
(0.00528966 -0.00143983 2.06023e-19)
(0.000246555 0.00067579 1.17776e-21)
(-0.00187924 0.00155288 -1.55125e-21)
(-0.00235985 0.00180434 3.81619e-19)
(-0.00256959 0.00186289 -7.48724e-19)
(-0.00268353 0.0016341 3.1896e-21)
(-0.00276025 0.00117645 -6.62661e-21)
(-0.00275797 0.000549268 -1.63785e-22)
(-0.00253269 -9.59139e-05 3.11022e-21)
(-0.0020117 -0.000298854 0)
(-0.00134562 -0.00036432 -8.33496e-21)
(-0.000652115 -0.000355837 1.26092e-21)
(-2.31808e-05 -0.000329137 -5.65186e-23)
(0.000610785 -0.000320198 1.39791e-21)
(0.0228095 0.000288514 -7.9041e-25)
(0.0206302 -0.00320091 1.95202e-20)
(0.0147714 -0.00438194 0)
(0.00810193 -0.00236502 0)
(0.00290726 -0.000456278 -3.21542e-19)
(-0.00029568 0.00082613 3.34532e-21)
(-0.00158197 0.00139839 -4.04624e-19)
(-0.00213179 0.0016243 -1.70727e-21)
(-0.00238323 0.00148053 -3.62404e-21)
(-0.00248103 0.00105227 6.79918e-21)
(-0.00243943 0.000429054 0)
(-0.00213203 -0.000215553 1.95747e-20)
(-0.00155482 -0.000446348 5.66194e-21)
(-0.000888162 -0.000518965 -1.46097e-20)
(-0.000201958 -0.000503314 2.80886e-21)
(0.000422225 -0.000465621 -5.70736e-21)
(0.00106209 -0.00045329 -2.92632e-21)
(0.0237432 0.000469559 -6.1779e-24)
(0.0218996 -0.00272793 6.50638e-24)
(0.0168019 -0.0041921 -1.09604e-22)
(0.0109372 -0.0029802 -4.50939e-22)
(0.00593481 -0.00144798 4.9403e-19)
(0.00221247 -0.000126482 -3.57341e-19)
(-1.11063e-05 0.000725818 3.01778e-21)
(-0.0011546 0.00116317 7.28157e-21)
(-0.00168656 0.00115287 2.12935e-19)
(-0.00186933 0.00079346 -2.27334e-19)
(-0.00180894 0.000209312 0)
(-0.00142536 -0.000402842 -2.02639e-20)
(-0.000811241 -0.000648356 -3.04621e-20)
(-0.000168588 -0.000718327 -6.27851e-21)
(0.00048602 -0.000690977 1.20347e-20)
(0.0010805 -0.000639687 1.27333e-22)
(0.00171354 -0.000622982 3.02563e-21)
(0.0245266 0.000650679 0)
(0.0230405 -0.00214928 0)
(0.018818 -0.00379868 -1.11357e-22)
(0.0137905 -0.00329529 -1.04915e-19)
(0.00922171 -0.00221134 -3.87589e-19)
(0.00544691 -0.00109128 5.68937e-19)
(0.00262823 -0.000183265 -6.41381e-21)
(0.000752322 0.000430143 8.82687e-19)
(-0.000305629 0.000602597 -4.99648e-19)
(-0.000718409 0.000356212 2.65182e-19)
(-0.000710068 -0.000144559 0)
(-0.000281628 -0.000683766 0)
(0.000328236 -0.000916058 2.54552e-20)
(0.000906119 -0.000965489 -3.20801e-22)
(0.00149209 -0.000921719 1.19441e-20)
(0.00203322 -0.000855159 6.16392e-21)
(0.00264132 -0.000832758 6.30573e-21)
(0.0251935 0.000824424 0)
(0.0240592 -0.00151782 3.81113e-23)
(0.0207603 -0.00321636 1.93598e-22)
(0.0166137 -0.00329992 1.77738e-19)
(0.0126401 -0.00268296 3.06799e-19)
(0.00915007 -0.00188105 -4.45796e-19)
(0.00619762 -0.00112008 2.92501e-19)
(0.00384173 -0.000493811 -3.58159e-19)
(0.00220797 -0.000183256 2.12553e-19)
(0.00133821 -0.00027506 0)
(0.00111283 -0.000647361 0)
(0.00148631 -0.00106522 5.41515e-20)
(0.00199583 -0.00124371 2.52021e-20)
(0.00246094 -0.0012571 -6.03737e-20)
(0.00294057 -0.00119304 -5.31625e-22)
(0.00339396 -0.00111116 1.16174e-20)
(0.00395271 -0.00108058 -2.41098e-20)
(0.0257852 0.000981512 7.89007e-21)
(0.0249745 -0.00089805 1.51182e-20)
(0.0225679 -0.00249721 4.8699e-22)
(0.0193272 -0.00300321 -1.20194e-19)
(0.0160484 -0.00282351 -5.83978e-20)
(0.0130412 -0.00237047 2.57799e-19)
(0.0103274 -0.00185875 -2.1809e-19)
(0.0079273 -0.00137084 0)
(0.00598918 -0.001045 0)
(0.00467741 -0.00100999 4.74573e-20)
(0.00399837 -0.00122938 -2.22489e-20)
(0.00410977 -0.00150654 -2.19925e-20)
(0.00440115 -0.0016071 2.26883e-20)
(0.00468038 -0.00157585 5.03373e-22)
(0.00499842 -0.00149031 0)
(0.00531652 -0.00139469 -3.35553e-20)
(0.00579461 -0.00135289 3.29689e-20)
(0.02635 0.00110607 -6.85651e-21)
(0.0258215 -0.000353077 -1.38049e-20)
(0.0241991 -0.00173085 -3.24669e-20)
(0.0218392 -0.00246236 3.42634e-20)
(0.0192997 -0.00263365 -4.25942e-20)
(0.0168698 -0.00250424 -6.41556e-20)
(0.0145957 -0.00225718 1.13661e-20)
(0.0124824 -0.00196944 -1.43776e-19)
(0.010629 -0.00172601 -8.55901e-20)
(0.00918 -0.00163154 1.30707e-19)
(0.00819301 -0.00172649 0)
(0.0078328 -0.00187374 1.26335e-21)
(0.00776988 -0.00191784 -3.59314e-20)
(0.007773 -0.00186432 -7.60948e-20)
(0.00786153 -0.00177064 7.59495e-20)
(0.00798739 -0.00166952 1.10684e-20)
(0.00834779 -0.00161469 -5.71153e-20)
(0.0269448 0.0011729 0)
(0.0266522 6.83849e-05 -2.6985e-22)
(0.0256546 -0.0010254 2.89519e-20)
(0.0240798 -0.00179211 -4.68271e-21)
(0.0222626 -0.00217812 4.90126e-21)
(0.0204343 -0.00229943 0)
(0.0186719 -0.00227985 1.54067e-20)
(0.0169951 -0.00218513 8.62919e-20)
(0.0154645 -0.00206362 1.51677e-21)
(0.0141695 -0.00197299 -1.29399e-19)
(0.0131887 -0.00195807 0)
(0.0125216 -0.00199551 -1.10956e-19)
(0.0121208 -0.00202923 8.45736e-20)
(0.0118339 -0.00200925 3.13822e-20)
(0.0116629 -0.00194658 -5.85644e-20)
(0.0115579 -0.00186307 -3.00279e-20)
(0.0117665 -0.00179808 3.10243e-20)
(0.0276405 0.00115128 -1.11047e-20)
(0.0275335 0.000338395 1.15834e-21)
(0.0269927 -0.000472516 2.13169e-21)
(0.0260469 -0.00113825 3.347e-20)
(0.0248657 -0.00158811 0)
(0.023604 -0.00184973 2.08813e-20)
(0.0223471 -0.00198484 -2.14783e-20)
(0.0211331 -0.00203832 -7.52658e-20)
(0.0200008 -0.00203754 1.34236e-19)
(0.0189992 -0.00200687 0)
(0.0181737 -0.0019623 -6.80674e-20)
(0.0175905 -0.00192249 3.32894e-20)
(0.0170734 -0.00191208 9.80883e-20)
(0.0166084 -0.00191054 2.1348e-20)
(0.0162421 -0.00189816 6.72415e-20)
(0.0159405 -0.00186153 -3.33876e-20)
(0.0159878 -0.00180009 -2.28341e-20)
(0.0285228 0.0010144 8.39452e-21)
(0.0285487 0.000443454 0)
(0.0283249 -0.00012757 -4.19704e-21)
(0.0278346 -0.00063943 -8.60244e-21)
(0.0271493 -0.00104441 0)
(0.0263607 -0.00133547 0)
(0.0255436 -0.00153385 0)
(0.0247409 -0.00166535 1.11348e-19)
(0.0239751 -0.00174701 -7.61476e-20)
(0.0232632 -0.00178791 4.1861e-20)
(0.0226214 -0.0017911 0)
(0.0220876 -0.00175905 2.45996e-20)
(0.021614 -0.00171463 5.48377e-20)
(0.0211972 -0.00167295 -4.25458e-20)
(0.02082 -0.00163886 -6.3189e-20)
(0.020448 -0.00160449 1.22169e-19)
(0.0203821 -0.00154232 -4.73816e-20)
(0.000346224 -2.31527e-05 0)
(0.000687197 -2.17018e-05 0)
(0.00098735 -1.97383e-05 0)
(0.00127036 -1.6072e-05 0)
(0.00156809 -1.34615e-05 0)
(0.00184581 -1.30857e-05 0)
(0.00206748 -1.39992e-05 -3.9283e-23)
(0.00221792 -1.4864e-05 4.35589e-23)
(0.00230576 -1.46955e-05 5.18117e-23)
(0.00235058 -1.3433e-05 -6.0515e-23)
(0.00236417 -1.17847e-05 0)
(0.00234792 -9.99901e-06 -3.36494e-22)
(0.00231169 -7.94555e-06 3.82456e-22)
(0.00228056 -5.32757e-06 0)
(0.00223598 -3.74215e-07 0)
(0.00214753 6.88714e-06 0)
(0.000405147 -3.49236e-05 0)
(0.000794598 -2.90052e-05 0)
(0.00116208 -2.69556e-05 0)
(0.00150887 -2.75482e-05 0)
(0.00184727 -2.73798e-05 0)
(0.00215598 -2.36143e-05 -8.05612e-23)
(0.00242135 -1.75122e-05 8.32949e-23)
(0.00264112 -1.13962e-05 0)
(0.00282716 -6.96992e-06 0)
(0.00299438 -4.32188e-06 1.28389e-22)
(0.0031511 -2.45922e-06 -1.46945e-22)
(0.00330098 -1.1113e-06 -3.42527e-22)
(0.00344341 -9.10743e-07 3.84245e-22)
(0.00357714 -8.9096e-07 0)
(0.00367885 9.77623e-07 -9.34169e-22)
(0.00375009 7.89464e-06 2.10742e-21)
(0.000504215 -7.33846e-05 3.62316e-22)
(0.00093907 -6.35126e-05 -4.28349e-22)
(0.0013595 -5.93943e-05 2.59764e-22)
(0.00175209 -5.76606e-05 -2.75854e-22)
(0.00212244 -5.50476e-05 0)
(0.00245786 -4.85644e-05 0)
(0.00275598 -3.98229e-05 0)
(0.00301937 -3.1553e-05 0)
(0.00325728 -2.56389e-05 0)
(0.00347807 -2.19317e-05 0)
(0.00368579 -1.92488e-05 0)
(0.00388253 -1.70412e-05 0)
(0.00406476 -1.54949e-05 -4.99704e-22)
(0.00422963 -1.30483e-05 5.22956e-22)
(0.00436202 -7.63613e-06 -1.11592e-21)
(0.00448596 2.93995e-06 1.20316e-21)
(0.000657524 -0.000125781 -3.74537e-22)
(0.00113262 -0.000111627 -1.12453e-23)
(0.00159407 -0.000104924 4.75884e-22)
(0.00202042 -9.99386e-05 0)
(0.00241585 -9.37915e-05 0)
(0.00277358 -8.35667e-05 0)
(0.00309694 -7.14339e-05 0)
(0.00339022 -6.03744e-05 0)
(0.00365981 -5.2286e-05 0)
(0.00391013 -4.67726e-05 0)
(0.00414323 -4.24748e-05 0)
(0.00436063 -3.85341e-05 0)
(0.00455867 -3.48489e-05 -7.85036e-22)
(0.00473535 -2.96178e-05 8.08813e-22)
(0.00487852 -2.18657e-05 0)
(0.00501442 -9.83793e-06 0)
(0.00088386 -0.000197182 0)
(0.00139166 -0.000177983 0)
(0.00188288 -0.000167432 0)
(0.00233312 -0.000157553 4.86572e-22)
(0.00274723 -0.000146372 -4.84645e-22)
(0.00312251 -0.000131305 0)
(0.00346486 -0.000115007 0)
(0.00377877 -0.000100448 0)
(0.00406851 -8.93644e-05 0)
(0.00433629 -8.11362e-05 0)
(0.00458333 -7.43028e-05 0)
(0.0048109 -6.77077e-05 0)
(0.00501592 -6.09579e-05 -1.34842e-21)
(0.00519741 -5.20053e-05 1.37772e-21)
(0.0053448 -4.1058e-05 0)
(0.00548171 -2.60735e-05 1.48858e-21)
(0.00120886 -0.000292823 0)
(0.00173914 -0.000267324 0)
(0.00224848 -0.000251031 0)
(0.00271314 -0.000234284 9.35107e-22)
(0.00313907 -0.000216347 -9.31588e-22)
(0.00352632 -0.000195103 0)
(0.00388145 -0.000173523 -2.4894e-22)
(0.00420844 -0.000154371 2.54908e-22)
(0.00451005 -0.000139107 2.68326e-22)
(0.00478742 -0.000126933 -2.7369e-22)
(0.00504139 -0.000116333 0)
(0.00527306 -0.000105876 -1.17777e-21)
(0.00548007 -9.48837e-05 1.20073e-21)
(0.00566224 -8.10699e-05 0)
(0.00581012 -6.56401e-05 0)
(0.00594342 -4.57719e-05 -2.63003e-21)
(0.00166809 -0.000418891 -3.15109e-21)
(0.00220757 -0.000385267 0)
(0.00272214 -0.000360685 0)
(0.0031909 -0.000334743 -1.81522e-21)
(0.00362055 -0.000308056 8.86467e-22)
(0.00401282 -0.000279064 9.22612e-22)
(0.00437372 -0.000250785 0)
(0.00470641 -0.0002256 0)
(0.00501261 -0.000204619 0)
(0.00529298 -0.000186919 0)
(0.00554818 -0.000170972 0)
(0.00577914 -0.000155112 2.18878e-21)
(0.00598415 -0.000138366 -2.21935e-21)
(0.00616348 -0.00011823 2.29871e-21)
(0.00630865 -9.64637e-05 -2.32118e-21)
(0.0064355 -6.91957e-05 4.80002e-21)
(0.00231172 -0.000580813 6.47118e-21)
(0.00284359 -0.000536772 -3.30305e-21)
(0.00334838 -0.000500928 3.47439e-21)
(0.00380902 -0.000463394 -5.21874e-21)
(0.00423217 -0.000425851 1.75507e-21)
(0.00462034 -0.000387328 0)
(0.00497836 -0.000350577 -4.65903e-22)
(0.0053084 -0.000317525 4.70208e-22)
(0.00561149 -0.000288919 4.86716e-22)
(0.00588805 -0.000263776 -4.88772e-22)
(0.00613861 -0.000240562 0)
(0.00636387 -0.000217422 0)
(0.00656265 -0.000193065 -4.19439e-21)
(0.00673532 -0.000164816 4.23342e-21)
(0.00687429 -0.000134344 0)
(0.00699228 -9.66583e-05 4.44374e-21)
(0.00321121 -0.000781828 0)
(0.00371463 -0.000724916 0)
(0.00419143 -0.000674824 0)
(0.00462862 -0.000623533 0)
(0.00503185 -0.00057315 0)
(0.00540375 -0.000523236 0)
(0.00574757 -0.000476011 0)
(0.00606454 -0.000432968 0)
(0.00635516 -0.000394557 0)
(0.00661969 -0.000359782 0)
(0.00685848 -0.000327081 0)
(0.00707194 -0.000294463 0)
(0.00725919 -0.00026029 0)
(0.00742042 -0.000221759 0)
(0.00754891 -0.000179713 0)
(0.00765546 -0.00012814 0)
(0.00446836 -0.00101983 -1.25333e-20)
(0.00491774 -0.000948074 1.23119e-20)
(0.00534395 -0.000881481 6.36259e-21)
(0.00573787 -0.000814982 -1.26849e-20)
(0.00610338 -0.000750332 9.60025e-21)
(0.00644253 -0.000687419 -3.23337e-21)
(0.00675702 -0.000627804 0)
(0.00704719 -0.000572654 0)
(0.00731309 -0.000522243 0)
(0.00755478 -0.000475587 0)
(0.00777236 -0.000431061 0)
(0.00796584 -0.000386571 7.06216e-21)
(0.00813441 -0.000340135 -7.08569e-21)
(0.0082779 -0.000288823 -7.28343e-21)
(0.00839049 -0.000232048 7.30937e-21)
(0.00848247 -0.000162949 1.50091e-20)
(0.00622378 -0.00128177 0)
(0.00658847 -0.00119481 -1.15396e-20)
(0.00693611 -0.00111137 -2.67028e-22)
(0.00726137 -0.00102972 1.1412e-20)
(0.00756582 -0.000950645 0)
(0.00785042 -0.000874022 0)
(0.00811548 -0.000800832 0)
(0.0083606 -0.000732099 0)
(0.00858544 -0.000668058 0)
(0.00878979 -0.000607727 0)
(0.00897336 -0.000549367 0)
(0.00913569 -0.000490803 1.26209e-20)
(0.00927585 -0.000429774 -1.26334e-20)
(0.00939327 -0.000363202 0)
(0.00948305 -0.000288816 0)
(0.00955665 -0.000199094 0)
(0.00865339 -0.00153462 1.92724e-20)
(0.00889927 -0.00143546 -1.98916e-20)
(0.00913601 -0.00133834 1.95388e-20)
(0.00936218 -0.00124433 -1.00693e-20)
(0.00957709 -0.00115306 9.99048e-21)
(0.00978021 -0.00106405 -5.14978e-21)
(0.00997082 -0.000977998 7.72587e-21)
(0.010148 -0.00089601 -2.58582e-21)
(0.0103111 -0.000818376 -2.64217e-21)
(0.0104595 -0.000744048 7.94749e-21)
(0.0105925 -0.000671117 -5.29838e-21)
(0.0107092 -0.000597357 1.08315e-20)
(0.0108084 -0.000520398 1.10766e-20)
(0.0108892 -0.000437071 2.50396e-22)
(0.0109479 -0.000343693 -2.21855e-20)
(0.0109988 -0.000232277 2.2711e-20)
(0.0119165 -0.00171458 -3.09374e-20)
(0.0120145 -0.00161135 0)
(0.0121111 -0.00150876 0)
(0.0122092 -0.00140932 1.63674e-20)
(0.0123066 -0.00131177 -1.62782e-20)
(0.0124013 -0.00121535 -8.39058e-21)
(0.0124919 -0.00112083 8.34654e-21)
(0.0125775 -0.00102954 0)
(0.012657 -0.000941782 0)
(0.0127296 -0.00085631 8.69355e-21)
(0.0127941 -0.000771019 -8.6663e-21)
(0.0128493 -0.000683743 -1.77103e-20)
(0.0128939 -0.00059232 -2.00782e-22)
(0.0129272 -0.000493805 1.78691e-20)
(0.0129467 -0.000383933 0)
(0.0129713 -0.000254653 -3.68898e-20)
(0.0159823 -0.0017266 4.74518e-20)
(0.0159308 -0.00163454 -4.72312e-20)
(0.0158825 -0.00154075 -2.45605e-20)
(0.0158449 -0.00144789 2.44941e-20)
(0.0158156 -0.00135469 0)
(0.0157916 -0.00126071 0)
(0.0157718 -0.00116718 0)
(0.0157552 -0.00107555 0)
(0.0157409 -0.000985933 0)
(0.0157276 -0.000896808 0)
(0.0157142 -0.000805996 -1.36e-20)
(0.0156993 -0.000711656 1.3582e-20)
(0.0156823 -0.0006123 0)
(0.0156631 -0.000505852 -2.79631e-20)
(0.0156402 -0.000388779 2.79429e-20)
(0.0156388 -0.000253896 0)
(0.0202962 -0.0014829 0)
(0.0201598 -0.00141353 3.45653e-20)
(0.0200237 -0.00134198 -3.46345e-20)
(0.0199002 -0.00126931 -1.80436e-20)
(0.0197878 -0.00119439 1.80704e-20)
(0.0196839 -0.00111723 0)
(0.0195878 -0.0010391 0)
(0.0194993 -0.000961084 0)
(0.0194174 -0.000882887 0)
(0.0193413 -0.000802989 0)
(0.0192701 -0.000719659 1.99859e-20)
(0.0192033 -0.000631823 -1.99826e-20)
(0.019141 -0.000539041 0)
(0.0190839 -0.000440695 0)
(0.0190313 -0.000335318 0)
(0.0190129 -0.000217945 4.14857e-20)
(0.00183905 1.54908e-05 -2.42416e-21)
(0.00124279 9.22781e-06 3.11621e-21)
(0.00106435 -2.67599e-06 3.43154e-21)
(0.00102921 -1.46925e-05 0)
(0.0013563 -1.97635e-05 0)
(0.00130678 2.64189e-05 -5.51274e-21)
(0.00148703 0.000323427 -1.8227e-18)
(0.00195811 0.000815522 1.37696e-21)
(0.0023068 0.00135973 -1.44238e-21)
(0.00267407 0.0018923 6.33859e-18)
(0.00296019 0.00223697 3.97599e-18)
(0.00293575 0.00225683 -4.73476e-18)
(0.00403061 0.00340834 -3.23416e-18)
(0.0075241 0.00628725 -9.60132e-19)
(0.013292 0.00882522 -2.67699e-23)
(0.018886 0.0057027 -4.46092e-21)
(0.0138224 0.000476736 0)
(0.00375436 2.08537e-05 -1.31554e-21)
(0.00380755 1.92915e-05 -2.02109e-21)
(0.00377681 9.72044e-06 0)
(0.00371362 2.44169e-06 4.93969e-21)
(0.00347739 1.24531e-05 5.83307e-23)
(0.0028256 9.47574e-05 -5.80184e-21)
(0.00240769 0.000488263 1.49051e-21)
(0.0026053 0.00106061 2.80356e-22)
(0.0030181 0.00178132 -1.24558e-18)
(0.00381088 0.00269945 -3.48392e-21)
(0.00488333 0.00368056 -1.88989e-18)
(0.00605303 0.00468915 2.47034e-18)
(0.00725536 0.00578873 3.16134e-18)
(0.00931713 0.00739621 5.02669e-19)
(0.014581 0.00946918 -1.99271e-19)
(0.0202825 0.00613535 1.84046e-24)
(0.0176578 0.00083043 0)
(0.00457768 1.76316e-05 0)
(0.00472269 1.76844e-05 -5.16128e-21)
(0.00476184 1.43133e-05 7.94939e-21)
(0.00466184 1.94967e-05 -3.12396e-23)
(0.00432791 5.15094e-05 -1.15995e-20)
(0.00357662 0.000167103 -3.15687e-21)
(0.00300687 0.000630347 2.31393e-21)
(0.00313001 0.00125203 4.85992e-19)
(0.00357763 0.00204821 8.97924e-19)
(0.00447399 0.00307401 -9.16982e-19)
(0.00573301 0.00421216 -9.9019e-22)
(0.00714048 0.00541457 0)
(0.00849842 0.00671651 -8.43262e-19)
(0.01064 0.00825901 0)
(0.0158442 0.00995687 2.00333e-19)
(0.0215538 0.00639248 3.6095e-24)
(0.0197864 0.000961464 0)
(0.00510955 4.4416e-06 -1.8788e-21)
(0.00521903 9.1201e-06 -4.18359e-21)
(0.00525433 1.85651e-05 -4.62942e-21)
(0.00514111 4.2237e-05 -9.32222e-21)
(0.0048275 0.000105191 2.34851e-20)
(0.00411753 0.000254348 2.16188e-21)
(0.00353855 0.000764092 9.47578e-19)
(0.00363465 0.00142244 1.60513e-21)
(0.00410743 0.00226714 -7.40656e-19)
(0.0050538 0.00333736 7.05731e-19)
(0.00636958 0.00451967 -7.06824e-19)
(0.00781743 0.00577524 -1.40852e-21)
(0.00935626 0.00721792 -5.82285e-19)
(0.0118139 0.00884914 1.08876e-22)
(0.0170421 0.0102602 5.05218e-23)
(0.0226402 0.00654056 -2.10263e-22)
(0.0212821 0.00116023 8.15786e-21)
(0.00556755 -8.83748e-06 1.53573e-21)
(0.00564156 1.87774e-06 -2.24294e-23)
(0.0056584 2.56576e-05 3.42768e-21)
(0.00553989 7.15977e-05 -1.05488e-20)
(0.00525388 0.000171193 -1.00896e-20)
(0.00461015 0.000357394 0)
(0.00406895 0.000901213 -3.54156e-21)
(0.00416224 0.00158748 2.79864e-21)
(0.00466155 0.00246431 -6.48539e-19)
(0.00564118 0.00355123 -1.2039e-18)
(0.00698166 0.00474433 5.78819e-19)
(0.00845595 0.00602553 0)
(0.0101554 0.00755392 9.41927e-19)
(0.0129243 0.00923652 -3.31563e-22)
(0.0181573 0.0103663 -1.80142e-19)
(0.0235238 0.00658004 -2.74588e-21)
(0.0224397 0.00137623 -1.29726e-20)
(0.00601693 -2.21642e-05 -2.67104e-21)
(0.0060624 -2.94547e-06 -2.72519e-21)
(0.00606073 3.6871e-05 -2.86343e-21)
(0.00594008 0.000107646 1.76833e-20)
(0.00568001 0.000247353 -1.14752e-20)
(0.00511203 0.000475505 6.11286e-20)
(0.00463391 0.00104539 -3.75436e-19)
(0.00474403 0.00175356 3.35323e-19)
(0.00527633 0.00265066 5.87494e-19)
(0.00628424 0.00373794 1.07799e-18)
(0.00763959 0.004927 0)
(0.00914802 0.00622264 1.79622e-21)
(0.0110029 0.00778758 -8.11889e-19)
(0.0140323 0.00943763 2.8846e-19)
(0.0191896 0.0102539 3.50043e-19)
(0.0242027 0.00650669 2.94799e-21)
(0.0233717 0.00159995 5.30893e-21)
(0.00649559 -3.54033e-05 9.65185e-21)
(0.00651917 -4.45428e-06 9.83643e-21)
(0.00650237 5.34438e-05 7.60362e-23)
(0.00638288 0.000151434 1.563e-20)
(0.00614838 0.000333166 0)
(0.00566172 0.000607754 -8.7544e-20)
(0.00526478 0.00119761 0)
(0.00541075 0.00192251 -6.03802e-19)
(0.00598644 0.00282915 -4.22291e-21)
(0.0070239 0.00390504 -4.51734e-21)
(0.00839448 0.0050811 -3.5564e-21)
(0.00995249 0.00637928 0)
(0.0119621 0.00792859 3.64716e-19)
(0.015179 0.00944862 -2.74356e-19)
(0.0201457 0.00990975 -1.69132e-19)
(0.0246911 0.00632006 0)
(0.0241303 0.00182411 0)
(0.00703788 -4.85865e-05 -1.33021e-20)
(0.00704494 -1.96169e-06 -1.79866e-20)
(0.00701817 7.66827e-05 9.19013e-21)
(0.00690461 0.000204283 -9.35423e-21)
(0.0066984 0.000428154 -1.87074e-20)
(0.00629751 0.000751573 4.963e-20)
(0.00599713 0.00135548 0)
(0.0061989 0.00209177 5.69302e-19)
(0.00683099 0.00299751 2.44577e-19)
(0.00790354 0.0040523 -4.41668e-19)
(0.00929683 0.00520671 -4.12363e-19)
(0.0109224 0.00648764 -1.46861e-22)
(0.0130797 0.00795926 -2.61157e-21)
(0.016391 0.00925205 0)
(0.0210354 0.00933712 -1.48103e-19)
(0.0250193 0.00602719 4.86969e-23)
(0.0247464 0.00203848 -5.55785e-22)
(0.0076848 -6.15763e-05 -1.64177e-20)
(0.00767935 5.1107e-06 8.25206e-21)
(0.00764917 0.000107646 -1.69307e-20)
(0.00754832 0.000266842 0)
(0.00737692 0.000530655 1.72587e-20)
(0.00706663 0.000901228 -1.78687e-20)
(0.00687859 0.00151282 0)
(0.00715629 0.00225338 -1.84322e-20)
(0.00785878 0.00314724 -2.64609e-21)
(0.00897472 0.00417129 1.30326e-20)
(0.0104024 0.00529114 1.35845e-20)
(0.0121094 0.0065215 -5.41573e-21)
(0.0143877 0.00784338 2.085e-21)
(0.0176778 0.00882802 -1.52728e-21)
(0.0218694 0.00855978 7.58062e-20)
(0.0252342 0.00564025 0)
(0.0252468 0.00222519 5.24351e-22)
(0.00849266 -7.40141e-05 8.89831e-23)
(0.00847737 1.70107e-05 3.01828e-20)
(0.00845167 0.000146643 1.55956e-20)
(0.00837287 0.000338205 -4.6942e-20)
(0.0082468 0.000636802 3.0713e-20)
(0.00803375 0.0010463 -9.63244e-20)
(0.00797541 0.00165742 3.10371e-20)
(0.00834797 0.00239179 -2.33872e-19)
(0.009133 0.00326088 -1.84452e-19)
(0.0103001 0.00424152 3.46374e-19)
(0.0117716 0.00530436 3.51927e-19)
(0.0135572 0.00643497 -9.66394e-21)
(0.0158965 0.00753361 -2.49425e-19)
(0.0190299 0.00816634 -6.39647e-22)
(0.0226592 0.00762291 6.68857e-20)
(0.0253973 0.00517403 -8.97566e-23)
(0.0256631 0.00236019 9.54744e-23)
(0.00954335 -8.51259e-05 -1.33052e-20)
(0.00952 3.33654e-05 2.69224e-20)
(0.00950829 0.000192308 -2.6992e-20)
(0.00946513 0.000414995 0)
(0.00939783 0.000739477 0)
(0.00929173 0.00117092 5.57254e-20)
(0.00937821 0.00176806 -2.12973e-19)
(0.00986237 0.00248081 4.97922e-20)
(0.010734 0.00330814 -2.23813e-19)
(0.0119508 0.00422495 -3.29913e-19)
(0.0134595 0.00519497 1.44059e-19)
(0.015287 0.00616653 -1.19522e-19)
(0.0175868 0.00698699 3.27239e-19)
(0.0204215 0.00728171 -8.46106e-20)
(0.0234217 0.00658829 6.15288e-20)
(0.0255777 0.00464359 1.23809e-22)
(0.0260364 0.00241709 -1.29158e-22)
(0.0109564 -9.36237e-05 -3.43759e-20)
(0.0109269 5.24379e-05 -1.21305e-20)
(0.010941 0.000239487 9.2465e-20)
(0.0109534 0.000489164 5.67689e-22)
(0.0109639 0.000827737 -9.20623e-20)
(0.0109791 0.00125527 4.58801e-20)
(0.0112202 0.00181556 1.76077e-19)
(0.0118148 0.00248341 0)
(0.0127536 0.00324429 1.51446e-19)
(0.0139922 0.00406558 1.66695e-19)
(0.0154946 0.00489714 -1.5722e-19)
(0.0172803 0.00565887 2.18337e-19)
(0.0194083 0.00619068 -5.52984e-21)
(0.0218238 0.00622464 1.49716e-19)
(0.0241875 0.00552217 -5.62003e-20)
(0.0258447 0.00406325 -7.27435e-22)
(0.0264187 0.002373 -9.34872e-21)
(0.0128942 -9.81577e-05 -1.89003e-20)
(0.0128618 6.91837e-05 7.46826e-20)
(0.012916 0.000275454 -7.44062e-20)
(0.013003 0.00053833 -3.7736e-20)
(0.0131267 0.000872512 1.8242e-19)
(0.013293 0.00127219 -7.15944e-20)
(0.0136577 0.00177312 -6.59248e-20)
(0.0143207 0.00236503 -6.35673e-20)
(0.0152641 0.00302392 1.15822e-19)
(0.0164499 0.00370938 -3.14385e-20)
(0.0178535 0.00436209 -7.16042e-20)
(0.0194738 0.00489653 -4.85199e-21)
(0.0212986 0.00518613 -1.55017e-19)
(0.0232265 0.00507702 -6.60138e-20)
(0.0250063 0.00448044 -5.56036e-20)
(0.0262595 0.00344732 2.50797e-20)
(0.0268742 0.00221569 1.96372e-20)
(0.0155254 -9.72465e-05 0)
(0.0154941 7.46975e-05 -1.43159e-20)
(0.0155941 0.000280532 -2.86612e-20)
(0.01576 0.000531286 -1.84237e-22)
(0.0159897 0.000834131 -2.76254e-20)
(0.0162871 0.00118534 0)
(0.0167362 0.00160933 1.01517e-19)
(0.017392 0.00209532 9.38222e-20)
(0.0182417 0.00261703 -1.83091e-19)
(0.0192654 0.00313465 -8.7101e-20)
(0.020451 0.00359448 4.33041e-20)
(0.0217845 0.00392937 -5.355e-20)
(0.0232197 0.00406298 8.27229e-20)
(0.0246598 0.00392521 -3.31348e-21)
(0.0259457 0.00349473 5.46008e-20)
(0.02688 0.00280479 -2.16559e-20)
(0.0274852 0.00194157 -2.23325e-20)
(0.0188707 -8.96493e-05 -1.23777e-19)
(0.0188349 6.40497e-05 9.41058e-20)
(0.0189558 0.000247419 0)
(0.019161 0.000465014 -1.00583e-19)
(0.0194408 0.000720902 7.80453e-20)
(0.019797 0.00101536 -3.67738e-20)
(0.0202398 0.0013569 -7.08925e-20)
(0.0207939 0.0017288 1.37548e-19)
(0.0214578 0.00210519 -2.50439e-21)
(0.0222342 0.00245563 6.28342e-20)
(0.0231271 0.00274438 -3.80262e-21)
(0.0241227 0.00293301 -2.73127e-21)
(0.0251701 0.00298615 0)
(0.026193 0.00287564 -6.01713e-21)
(0.0270941 0.00259322 6.46741e-21)
(0.027785 0.00213989 0)
(0.0283387 0.00156079 2.0498e-20)
(0.0295455 0.000805641 1.14907e-20)
(0.0296446 0.000412073 -6.62427e-22)
(0.0295887 2.11919e-05 0)
(0.0293388 -0.000349493 -3.82162e-20)
(0.028927 -0.000672698 0)
(0.0284137 -0.000931694 -1.96837e-20)
(0.0278608 -0.00112669 0)
(0.0273028 -0.00127024 -3.01435e-20)
(0.0267495 -0.00137494 -2.15639e-20)
(0.0262044 -0.00144683 -3.33546e-20)
(0.0256746 -0.0014859 4.70318e-20)
(0.025181 -0.00149042 -4.79094e-20)
(0.0247405 -0.0014691 5.10147e-20)
(0.0243634 -0.00143043 -1.23344e-20)
(0.0240513 -0.00138035 -2.71338e-20)
(0.023767 -0.00132459 0)
(0.0236805 -0.0012504 0)
(0.0304149 0.000619929 -1.33001e-20)
(0.0305371 0.000329149 -4.05007e-21)
(0.0305446 4.94156e-05 0)
(0.0304127 -0.000215318 3.7254e-20)
(0.0301567 -0.00045426 0)
(0.029812 -0.000656057 2.37174e-20)
(0.0294217 -0.000815424 6.23392e-21)
(0.0290131 -0.000936687 -6.17499e-21)
(0.0285958 -0.00102804 0)
(0.0281741 -0.00109521 -2.66234e-20)
(0.0277536 -0.00113985 -2.72645e-20)
(0.0273492 -0.00116099 2.82607e-20)
(0.0269774 -0.00116078 -2.93482e-20)
(0.0266501 -0.00114336 -3.08552e-20)
(0.0263721 -0.00111246 1.5685e-20)
(0.0261243 -0.00106993 -8.29529e-21)
(0.0260104 -0.00100737 0)
(0.0310127 0.000470779 -5.70397e-22)
(0.0311522 0.000244917 5.63036e-21)
(0.0312005 3.57175e-05 -5.40517e-22)
(0.0311389 -0.000161643 -1.57658e-20)
(0.0309769 -0.000343646 0)
(0.030738 -0.000501577 0)
(0.0304522 -0.000629197 -3.45002e-20)
(0.0301404 -0.000727844 1.93748e-20)
(0.0298124 -0.000803115 -2.3893e-20)
(0.0294735 -0.000859598 3.21645e-20)
(0.0291298 -0.000899083 -2.46728e-20)
(0.0287924 -0.000921062 -2.53339e-20)
(0.0284735 -0.000926244 8.9524e-21)
(0.028183 -0.000916814 0)
(0.027926 -0.000895231 -1.94381e-20)
(0.0276932 -0.000862547 2.96328e-20)
(0.0275531 -0.0008098 2.99887e-20)
(0.0313649 0.000351381 0)
(0.0315225 0.000166269 -2.21496e-21)
(0.0316037 5.68772e-06 -1.22519e-20)
(0.0315918 -0.000143894 1.89132e-21)
(0.0314942 -0.000283196 -1.20291e-21)
(0.031328 -0.000405028 0)
(0.0311145 -0.000503476 3.75281e-20)
(0.0308697 -0.000579097 -1.90529e-20)
(0.0306031 -0.000636497 1.94117e-20)
(0.0303215 -0.000679658 1.47581e-20)
(0.030031 -0.000710143 5.57856e-20)
(0.0297406 -0.00072733 -1.02293e-20)
(0.0294589 -0.000731356 -3.24738e-20)
(0.0291935 -0.000723956 1.08237e-20)
(0.0289495 -0.000707714 1.17096e-20)
(0.0287241 -0.000684049 -5.71878e-21)
(0.0285627 -0.000641554 -2.41882e-20)
(0.0315118 0.000252201 0)
(0.0316878 9.46095e-05 1.32881e-21)
(0.0317964 -2.86579e-05 1.38216e-20)
(0.0318214 -0.000141808 7.82253e-22)
(0.0317706 -0.000248055 -2.24474e-21)
(0.0316571 -0.000340817 2.48401e-20)
(0.0314957 -0.000414617 0)
(0.0312988 -0.000469984 -2.36023e-20)
(0.0310759 -0.000511294 -3.04231e-21)
(0.0308349 -0.000542199 2.74164e-20)
(0.0305826 -0.000563779 -2.49023e-20)
(0.0303259 -0.000574852 1.27854e-20)
(0.0300708 -0.000575106 1.32292e-20)
(0.0298225 -0.00056666 -2.76054e-20)
(0.029586 -0.000553243 1.44448e-20)
(0.0293644 -0.000537451 1.5079e-20)
(0.0291851 -0.000503831 0)
(0.0314863 0.000169893 0)
(0.0316769 3.21687e-05 2.51035e-21)
(0.0318059 -6.1093e-05 8.10957e-21)
(0.031858 -0.00014582 0)
(0.0318427 -0.000226206 -9.2742e-22)
(0.0317693 -0.000295751 -2.96611e-20)
(0.0316469 -0.000349272 3.59539e-21)
(0.0314855 -0.000387522 1.45114e-20)
(0.0312947 -0.000415074 1.29292e-20)
(0.0310835 -0.000435452 -4.50546e-20)
(0.0308592 -0.000449117 1.14349e-20)
(0.0306274 -0.000454014 -1.18811e-20)
(0.0303915 -0.000449269 -1.63308e-20)
(0.0301543 -0.000437867 1.70585e-20)
(0.0299202 -0.000425573 -8.9181e-21)
(0.0296987 -0.000416876 -9.33127e-21)
(0.029502 -0.000390712 -9.43641e-21)
(0.0313007 0.000103666 0)
(0.0314929 -1.92084e-05 -2.76826e-21)
(0.0316338 -8.8477e-05 -1.0031e-20)
(0.0317085 -0.000151293 1.85927e-20)
(0.0317246 -0.000211518 1.91097e-20)
(0.0316855 -0.000262602 1.12808e-21)
(0.0315952 -0.000299635 1.66864e-20)
(0.0314617 -0.000323683 1.79169e-20)
(0.0312953 -0.000339743 -1.82117e-20)
(0.0311062 -0.000351363 1.85608e-20)
(0.0309024 -0.000358341 -9.19957e-24)
(0.0306885 -0.000357573 -4.94579e-21)
(0.0304657 -0.000347417 1.00976e-20)
(0.0302338 -0.000331902 -1.57386e-20)
(0.0299966 -0.000319539 1.10589e-20)
(0.0297698 -0.000317246 0)
(0.029552 -0.000297358 0)
(0.0309255 5.57827e-05 -6.76081e-21)
(0.0310936 -5.85568e-05 3.07518e-21)
(0.0312457 -0.000110622 4.12269e-22)
(0.0313525 -0.000157307 -2.52142e-20)
(0.0314083 -0.00020184 -2.4504e-20)
(0.0314064 -0.000237931 7.12353e-22)
(0.0313467 -0.0002612 -2.24286e-20)
(0.0312365 -0.000273232 0)
(0.0310883 -0.000279568 0)
(0.0309146 -0.000283781 -1.16081e-20)
(0.0307244 -0.000285052 -3.25255e-20)
(0.0305216 -0.000279215 9.62144e-23)
(0.0303052 -0.00026363 9.4908e-21)
(0.0300723 -0.000243254 1.31739e-20)
(0.0298243 -0.000229797 -3.49965e-21)
(0.0295831 -0.000232915 7.1746e-21)
(0.0293355 -0.000218839 3.65534e-21)
(0.03025 3.22458e-05 1.63664e-20)
(0.0303639 -8.77823e-05 1.98224e-22)
(0.0305606 -0.000131648 -8.85878e-21)
(0.0307369 -0.000166265 0)
(0.0308563 -0.000197078 1.68183e-20)
(0.0309028 -0.000219423 -1.44468e-21)
(0.0308757 -0.000230187 9.19035e-22)
(0.0307833 -0.000231782 -1.46312e-20)
(0.0306455 -0.00023008 -1.47492e-20)
(0.0304793 -0.000227982 1.30782e-20)
(0.0302947 -0.000224179 1.88263e-21)
(0.0300952 -0.000213778 1.97596e-21)
(0.0298785 -0.000192902 -1.80601e-20)
(0.0296372 -0.000166905 2.12704e-21)
(0.0293675 -0.000151062 -2.13696e-21)
(0.0290968 -0.000158308 0)
(0.0288054 -0.000151302 -1.37553e-20)
(0.0290163 4.2201e-05 -1.46817e-20)
(0.0290992 -0.000112691 -8.80241e-23)
(0.0294333 -0.00015677 1.28965e-20)
(0.0297088 -0.000178352 0)
(0.0299127 -0.000197838 -2.45653e-20)
(0.0300341 -0.000207608 -1.08418e-21)
(0.0300565 -0.000202374 -2.09174e-20)
(0.029972 -0.000190522 1.33156e-21)
(0.0298339 -0.000182063 1.93023e-20)
(0.029669 -0.000175911 -2.06718e-20)
(0.0294861 -0.000168704 3.12199e-20)
(0.0292872 -0.000155106 0)
(0.0290696 -0.000129848 0)
(0.028817 -9.77999e-05 1.10591e-20)
(0.0285108 -7.85006e-05 0)
(0.0281881 -8.95546e-05 8.78142e-21)
(0.0278393 -9.3984e-05 -8.88011e-21)
(0.0267602 7.02878e-05 -5.48604e-23)
(0.0269899 -0.000124938 2.15029e-21)
(0.0273177 -0.000169446 -1.07191e-20)
(0.0275665 -0.000190624 -1.72483e-22)
(0.02778 -0.00019575 -2.13122e-20)
(0.0279998 -0.000194267 6.03005e-22)
(0.0281424 -0.000183272 3.70439e-20)
(0.0281267 -0.00016219 3.21285e-20)
(0.0280455 -0.000143109 -1.61159e-20)
(0.0279384 -0.000131098 4.80264e-20)
(0.0278146 -0.00012139 -2.97953e-20)
(0.0276745 -0.000106407 -3.96941e-21)
(0.0275136 -7.63092e-05 -1.40255e-20)
(0.0272869 -3.14775e-05 -1.00988e-20)
(0.0269377 -1.37348e-06 1.95037e-21)
(0.0265541 -1.69712e-05 -7.97262e-21)
(0.0261628 -4.52595e-05 8.26393e-21)
(0.0230084 8.10332e-05 7.39456e-21)
(0.0234489 -0.000136989 -3.11876e-21)
(0.0230689 -0.000168519 1.6691e-20)
(0.0226852 -0.000168596 -3.94624e-22)
(0.0224892 -0.000162725 3.26141e-20)
(0.0223547 -0.000152422 5.00897e-22)
(0.0223551 -0.000130621 1.54648e-20)
(0.0226019 -0.000106078 0)
(0.0228575 -8.98776e-05 2.91815e-20)
(0.023074 -7.97634e-05 -1.30651e-20)
(0.0232698 -7.16902e-05 1.21482e-20)
(0.0234396 -5.99032e-05 -1.74794e-21)
(0.0235718 -3.5558e-05 2.92194e-20)
(0.023619 2.3367e-06 -1.34428e-20)
(0.023513 3.37718e-05 0)
(0.0233473 2.75776e-05 0)
(0.0230564 1.42141e-08 -3.30313e-21)
(0.0181427 5.92487e-05 3.76581e-23)
(0.0178122 -0.000128735 1.12689e-21)
(0.01702 -0.000111986 8.85956e-23)
(0.0162955 -9.38717e-05 0)
(0.0157121 -8.46813e-05 2.29851e-20)
(0.0153022 -7.86251e-05 0)
(0.0149616 -7.39045e-05 -4.70583e-20)
(0.0147269 -6.65357e-05 -2.39717e-20)
(0.0145983 -5.65428e-05 0)
(0.0145488 -4.81466e-05 -2.49092e-20)
(0.0145475 -4.14616e-05 5.08332e-20)
(0.0145735 -3.29275e-05 0)
(0.0146624 -1.16668e-05 0)
(0.015047 2.88455e-05 -1.59834e-20)
(0.01584 5.97432e-05 -6.04746e-21)
(0.0165579 4.77289e-05 2.8297e-21)
(0.0166264 3.426e-06 0)
(0.0126432 2.31611e-05 0)
(0.0109344 -8.23689e-05 -2.54137e-21)
(0.0100321 -4.12255e-05 0)
(0.00931775 -2.99604e-05 0)
(0.00879043 -2.65083e-05 -2.88431e-20)
(0.00839873 -2.47668e-05 -4.68545e-22)
(0.00806179 -2.39269e-05 3.14516e-20)
(0.00777087 -2.12299e-05 2.32354e-20)
(0.00757924 -1.66737e-05 2.11529e-21)
(0.00746643 -1.31893e-05 -9.90929e-21)
(0.00740657 -1.08098e-05 -3.67735e-20)
(0.00737785 -8.53162e-06 -9.55464e-21)
(0.00738005 -5.33628e-06 0)
(0.00747222 -9.70212e-07 2.02904e-20)
(0.00771204 3.21174e-06 1.03775e-20)
(0.00802785 4.68996e-06 0)
(0.00804377 -8.16111e-07 0)
(0.00557706 2.60086e-06 -1.7015e-23)
(0.00368465 -2.1961e-05 6.86725e-22)
(0.00325726 -4.37474e-06 0)
(0.00296369 -2.80336e-06 8.21237e-23)
(0.00276274 -2.51308e-06 -8.52998e-23)
(0.00260767 -2.24436e-06 1.77962e-22)
(0.00246325 -1.94166e-06 -1.84631e-22)
(0.00232773 -1.07407e-06 5.86826e-21)
(0.0022272 2.63617e-07 4.09958e-22)
(0.00216667 1.30344e-06 7.05576e-21)
(0.00213159 2.07599e-06 0)
(0.0021108 2.73289e-06 7.91087e-21)
(0.00209559 3.28086e-06 0)
(0.00209083 3.88767e-06 0)
(0.00212442 5.04074e-06 1.1646e-21)
(0.00223519 6.37994e-06 -1.17031e-21)
(0.00225196 5.39428e-06 0)
(0.0236003 -0.00119237 -3.01285e-20)
(0.0234784 -0.0011347 3.02531e-20)
(0.0233526 -0.0010763 0)
(0.0232352 -0.00101691 1.61873e-20)
(0.0231255 -0.00095584 -1.62385e-20)
(0.0230216 -0.000893141 0)
(0.0229233 -0.000829448 4.27174e-21)
(0.0228305 -0.000765008 -4.2803e-21)
(0.0227428 -0.000699205 -4.40756e-21)
(0.0226597 -0.000630918 4.42073e-21)
(0.022581 -0.000559186 1.81334e-20)
(0.0225068 -0.000483563 -3.6481e-20)
(0.0224374 -0.000403973 -1.86783e-20)
(0.0223734 -0.000320211 7.42875e-20)
(0.0223138 -0.000231692 -7.48894e-20)
(0.0222852 -0.000134777 -1.54088e-22)
(0.0259094 -0.000963375 0)
(0.0257868 -0.000920754 0)
(0.0256648 -0.000875609 0)
(0.0255509 -0.000827785 -1.88774e-20)
(0.0254445 -0.00077754 2.86058e-20)
(0.0253441 -0.000725304 -9.67913e-21)
(0.0252492 -0.000671477 5.00512e-21)
(0.0251596 -0.000616012 -5.02664e-21)
(0.0250751 -0.000558424 -5.1785e-21)
(0.0249954 -0.000498185 5.1962e-21)
(0.0249204 -0.000435008 0)
(0.0248507 -0.000368786 0)
(0.0247865 -0.00029938 0)
(0.0247285 -0.000226364 -2.19807e-20)
(0.0246763 -0.000149001 2.20128e-20)
(0.0246504 -6.42072e-05 4.46564e-20)
(0.0274306 -0.000774771 -2.0801e-20)
(0.0272993 -0.000742019 0)
(0.0271725 -0.000706678 -1.11239e-20)
(0.0270544 -0.000668214 1.11887e-20)
(0.026944 -0.000627084 0)
(0.0268401 -0.000583778 0)
(0.0267423 -0.00053857 0)
(0.0266502 -0.00049135 0)
(0.0265638 -0.000441784 0)
(0.0264829 -0.000389659 0)
(0.0264077 -0.000335018 0)
(0.0263383 -0.000277997 0)
(0.0262751 -0.000218634 0)
(0.026219 -0.000156803 0)
(0.0261701 -9.22586e-05 0)
(0.026144 -2.29246e-05 0)
(0.0284232 -0.000616264 0)
(0.0282836 -0.000593747 0)
(0.0281519 -0.00056811 0)
(0.0280293 -0.000538486 0)
(0.0279143 -0.000505471 7.16812e-21)
(0.027806 -0.0004697 -3.55365e-21)
(0.0277036 -0.000431615 -3.68663e-21)
(0.0276072 -0.000391335 0)
(0.0275169 -0.000348698 0)
(0.0274327 -0.000303545 -3.92581e-21)
(0.0273547 -0.00025598 1.1882e-20)
(0.0272828 -0.000206323 -1.60284e-20)
(0.0272173 -0.000154939 2.44186e-20)
(0.0271591 -0.000102244 1.23416e-22)
(0.0271089 -4.89471e-05 -1.66137e-20)
(0.0270789 5.81436e-06 0)
(0.0290322 -0.000487294 0)
(0.0288857 -0.000473551 0)
(0.0287497 -0.000455679 0)
(0.0286228 -0.000432848 0)
(0.0285032 -0.000405896 4.45832e-21)
(0.0283898 -0.000375647 -4.48881e-21)
(0.0282822 -0.000342895 0)
(0.0281806 -0.000308135 0)
(0.0280853 -0.000271292 0)
(0.0279968 -0.000231995 0)
(0.0279149 -0.000190202 0)
(0.0278393 -0.000146385 0)
(0.0277703 -0.000101212 0)
(0.0277082 -5.56122e-05 -1.03295e-20)
(0.0276539 -1.15114e-05 2.08261e-20)
(0.0276167 3.03716e-05 -1.04914e-20)
(0.0293365 -0.000382245 2.02109e-20)
(0.0291831 -0.000376081 -1.02599e-20)
(0.0290425 -0.000364385 -5.35424e-21)
(0.0289107 -0.00034677 5.37557e-21)
(0.0287855 -0.000324362 0)
(0.0286661 -0.00029821 -2.84292e-21)
(0.0285525 -0.000269559 2.87071e-21)
(0.028445 -0.000239313 0)
(0.0283445 -0.000207371 0)
(0.0282513 -0.000172986 3.04801e-21)
(0.0281654 -0.000135924 -3.0532e-21)
(0.0280864 -9.68102e-05 0)
(0.0280145 -5.63973e-05 6.37737e-21)
(0.027949 -1.57507e-05 -6.4288e-21)
(0.0278899 2.18392e-05 -1.30773e-20)
(0.0278435 5.3214e-05 1.30966e-20)
(0.0293723 -0.000296567 6.40475e-21)
(0.0292104 -0.000296861 -6.45206e-21)
(0.029064 -0.000289949 0)
(0.028926 -0.000276213 -3.42963e-21)
(0.0287938 -0.000257153 3.4379e-21)
(0.0286675 -0.00023411 -1.78095e-21)
(0.0285474 -0.000208791 2.71376e-21)
(0.0284344 -0.000182395 -9.21373e-22)
(0.0283292 -0.000154674 -9.46253e-22)
(0.0282321 -0.000124487 2.8543e-21)
(0.0281432 -9.15344e-05 -1.91297e-21)
(0.028063 -5.65902e-05 3.93402e-21)
(0.0279912 -1.9986e-05 -3.98564e-21)
(0.0279248 1.77502e-05 0)
(0.0278617 5.16057e-05 -8.19083e-21)
(0.0278051 7.50414e-05 8.16872e-21)
(0.0291374 -0.00022574 -4.04247e-21)
(0.0289658 -0.000231811 4.09401e-21)
(0.0288138 -0.000228823 0)
(0.0286699 -0.000217986 0)
(0.0285308 -0.000201454 2.20421e-21)
(0.0283975 -0.000181061 -2.21851e-21)
(0.0282721 -0.000158824 0)
(0.0281556 -0.00013592 0)
(0.0280481 -0.000111884 0)
(0.0279492 -8.54194e-05 0)
(0.0278603 -5.64535e-05 -2.4422e-21)
(0.0277834 -2.5699e-05 2.47688e-21)
(0.0277176 7.72376e-06 0)
(0.027656 4.4482e-05 0)
(0.0275909 7.76472e-05 5.15778e-21)
(0.0275213 9.59758e-05 -5.10091e-21)
(0.0285862 -0.000166808 1.0257e-20)
(0.0284089 -0.000178807 -5.30387e-21)
(0.0282578 -0.000179337 2.78117e-21)
(0.0281133 -0.000170482 -2.77461e-21)
(0.0279696 -0.000155828 0)
(0.027831 -0.000138111 1.44659e-21)
(0.0277035 -0.000119145 -1.47104e-21)
(0.0275883 -9.93865e-05 0)
(0.0274829 -7.82601e-05 0)
(0.0273859 -5.51015e-05 -1.5553e-21)
(0.0273017 -3.04902e-05 1.56247e-21)
(0.0272365 -4.34224e-06 0)
(0.0271873 2.66503e-05 0)
(0.0271385 6.50534e-05 0)
(0.027071 0.000101408 -6.58969e-21)
(0.0269772 0.000117689 6.41385e-21)
(0.0276086 -0.000120309 -3.44744e-21)
(0.0274451 -0.000138772 3.5928e-21)
(0.0273121 -0.000141572 0)
(0.0271759 -0.000132012 0)
(0.0270302 -0.000117174 0)
(0.0268886 -0.000102354 9.69027e-22)
(0.0267643 -8.82224e-05 -9.90705e-22)
(0.0266576 -7.22956e-05 0)
(0.0265595 -5.32284e-05 0)
(0.0264683 -3.28619e-05 -1.04751e-21)
(0.0263963 -1.41457e-05 1.05741e-21)
(0.0263552 4.80509e-06 0)
(0.0263386 3.37918e-05 2.32017e-21)
(0.0263087 7.99258e-05 -6.87935e-21)
(0.0262276 0.000127579 8.66771e-21)
(0.0260792 0.000145404 -4.10892e-21)
(0.0259647 -9.04085e-05 0)
(0.0258402 -0.000116271 2.70647e-21)
(0.0257183 -0.000120783 -5.61611e-21)
(0.025587 -0.000112409 4.21791e-21)
(0.0254484 -9.62003e-05 -1.38652e-21)
(0.0253144 -7.89097e-05 0)
(0.0251942 -6.44629e-05 0)
(0.0250903 -5.16661e-05 0)
(0.0249999 -3.68609e-05 0)
(0.0249243 -1.86114e-05 0)
(0.0248697 -3.31426e-07 0)
(0.0248401 1.6019e-05 0)
(0.0248365 3.84523e-05 3.50592e-21)
(0.024827 8.36486e-05 -6.81075e-21)
(0.0247567 0.000153456 3.08228e-21)
(0.0245274 0.000186473 0)
(0.0228537 -4.23405e-05 5.92918e-21)
(0.0226237 -7.8034e-05 -4.39827e-21)
(0.0223479 -9.08739e-05 2.27184e-21)
(0.0221129 -8.50408e-05 0)
(0.0219521 -7.30885e-05 0)
(0.0218222 -6.15336e-05 0)
(0.0216747 -5.11876e-05 0)
(0.0215196 -3.96344e-05 0)
(0.0214098 -2.59484e-05 0)
(0.021367 -1.12346e-05 0)
(0.0213187 2.11746e-06 0)
(0.0212069 1.43592e-05 0)
(0.0210863 3.66444e-05 0)
(0.0211248 8.27344e-05 0)
(0.0213591 0.000142942 0)
(0.0214954 0.00018539 0)
(0.016221 -3.15282e-05 3.60818e-21)
(0.0156163 -4.58957e-05 -1.8836e-21)
(0.0150984 -4.61041e-05 -1.99174e-21)
(0.0146379 -4.4174e-05 -2.09439e-21)
(0.0142412 -3.97549e-05 2.13976e-21)
(0.0139177 -3.18452e-05 0)
(0.0136657 -2.24678e-05 5.78399e-22)
(0.0134728 -1.48354e-05 -5.86182e-22)
(0.0133278 -9.61056e-06 -6.05867e-22)
(0.0132336 -1.60298e-06 6.11237e-22)
(0.0132195 1.19939e-05 0)
(0.0132951 2.59199e-05 0)
(0.0134369 3.69976e-05 0)
(0.0136906 5.701e-05 2.42319e-21)
(0.0143023 0.000110627 -2.24526e-21)
(0.0155671 0.000149215 0)
(0.00802209 4.96283e-06 0)
(0.00794721 2.46378e-06 0)
(0.00780713 -3.30169e-06 0)
(0.00761008 -7.49196e-06 0)
(0.00739898 -8.30493e-06 0)
(0.00721159 -6.36788e-06 0)
(0.00706876 -3.71819e-06 0)
(0.00696918 -2.0852e-06 0)
(0.00689969 -1.37469e-06 0)
(0.006854 1.1819e-06 0)
(0.00688407 6.12044e-06 0)
(0.00698995 1.03227e-05 1.88215e-21)
(0.00714587 1.17326e-05 -1.86044e-21)
(0.00733514 1.1987e-05 3.71191e-21)
(0.00762239 1.62142e-05 -7.26707e-21)
(0.00816801 3.27243e-05 3.4881e-21)
(0.00228496 7.46738e-06 0)
(0.00231236 4.63778e-06 0)
(0.00229652 2.30581e-06 0)
(0.00224005 1.27385e-06 0)
(0.00217288 9.18459e-07 0)
(0.00211552 8.64541e-07 0)
(0.00207779 7.45808e-07 1.98662e-22)
(0.00205707 3.75102e-07 -1.98896e-22)
(0.00204469 -8.60043e-08 -2.03647e-22)
(0.00203752 -1.58468e-07 2.03696e-22)
(0.00205799 1.90846e-07 0)
(0.00211056 4.95381e-07 -8.35061e-22)
(0.00218295 3.53184e-07 8.32517e-22)
(0.00225112 -4.44956e-07 0)
(0.00231362 -1.88397e-06 0)
(0.0024301 -2.05257e-06 0)
(0.0221362 -3.35148e-05 3.69526e-20)
(0.0220926 0.000101348 -3.79032e-20)
(0.0221775 0.000259253 3.7834e-20)
(0.022341 0.000439395 3.82484e-20)
(0.0225775 0.000644447 -7.47583e-20)
(0.0228899 0.000874685 3.87878e-20)
(0.0232773 0.0011259 -3.67376e-20)
(0.023735 0.00138286 0)
(0.0242611 0.00162766 -9.2202e-20)
(0.0248592 0.00184248 1.8136e-20)
(0.0255334 0.00200836 -3.39668e-20)
(0.0262752 0.00210607 -2.57121e-20)
(0.0270472 0.00211885 -1.17867e-20)
(0.0277923 0.00203296 5.59833e-21)
(0.0284457 0.00184203 -1.52681e-22)
(0.0289276 0.00155559 8.25305e-22)
(0.0293751 0.00118303 -1.03263e-20)
(0.0245415 2.10998e-05 -4.35443e-20)
(0.0245203 0.000138566 0)
(0.0245841 0.000274433 -2.21787e-20)
(0.0247094 0.000423917 4.41064e-20)
(0.0248928 0.000587182 4.46488e-20)
(0.025137 0.000762604 9.17227e-22)
(0.0254423 0.000945028 4.44687e-20)
(0.0258052 0.00112512 0)
(0.0262233 0.00129171 0)
(0.0266971 0.00143304 0)
(0.0272267 0.00153655 4.14994e-20)
(0.0278037 0.00158967 -7.95575e-20)
(0.0284008 0.00158217 4.06712e-20)
(0.0289776 0.00150793 -2.10115e-20)
(0.0294894 0.001366 0)
(0.0298789 0.00116048 -4.07998e-21)
(0.030247 0.000900947 0)
(0.0260697 4.43571e-05 1.33368e-20)
(0.026063 0.000137307 1.02256e-22)
(0.0261178 0.000246694 -5.35352e-20)
(0.0262225 0.00036716 -2.67098e-20)
(0.0263746 0.000496874 -2.65269e-20)
(0.0265762 0.000632917 2.7225e-20)
(0.0268282 0.000770305 -1.3178e-20)
(0.0271291 0.000902294 2.64334e-20)
(0.0274773 0.00102147 -3.87188e-22)
(0.0278718 0.00111993 -1.30237e-20)
(0.0283103 0.00118928 0)
(0.0287844 0.00122102 4.85426e-20)
(0.0292739 0.00120814 -4.99409e-20)
(0.0297497 0.00114718 2.58653e-20)
(0.03018 0.00103838 -6.84731e-22)
(0.0305226 0.000883668 3.54515e-23)
(0.0308377 0.00069359 6.45208e-22)
(0.0270256 5.50962e-05 8.14871e-21)
(0.0270272 0.000125802 2.47532e-20)
(0.027076 0.000212239 0)
(0.0271661 0.000309004 1.66092e-20)
(0.0272953 0.000412802 3.29164e-20)
(0.0274655 0.000519543 1.66651e-20)
(0.0276789 0.000624346 1.64999e-20)
(0.0279361 0.000722552 -8.03295e-21)
(0.0282364 0.000809796 8.11494e-21)
(0.0285778 0.000881001 0)
(0.0289564 0.000930299 0)
(0.0293641 0.000951393 0)
(0.0297859 0.000938754 0)
(0.0302003 0.000890189 0)
(0.0305832 0.000806387 0)
(0.0309018 0.000686956 4.05679e-22)
(0.03118 0.000542771 -4.05387e-22)
(0.027576 6.11829e-05 -2.0254e-20)
(0.0275825 0.000111302 -1.0286e-20)
(0.0276272 0.000178006 0)
(0.0277061 0.00025562 5.08405e-20)
(0.0278173 0.000339483 -1.0173e-20)
(0.0279626 0.000424078 0)
(0.028146 0.000504289 0)
(0.0283707 0.000577431 0)
(0.0286367 0.000641774 0)
(0.0289413 0.000694198 0)
(0.0292798 0.000730356 -3.49231e-20)
(0.0296445 0.000745172 -4.50792e-21)
(0.0300242 0.000733994 -3.30396e-20)
(0.0304027 0.000695719 0)
(0.0307595 0.00063173 -8.57173e-21)
(0.0310673 0.000539771 0)
(0.0313178 0.000429537 0)
(0.0278105 6.54142e-05 2.5161e-20)
(0.0278205 9.67418e-05 0)
(0.0278632 0.000147106 -1.27351e-20)
(0.027934 0.000209969 -1.90616e-20)
(0.0280304 0.000279029 -6.31322e-21)
(0.0281548 0.000346853 6.23153e-21)
(0.0283139 0.000407765 -6.31765e-21)
(0.0285141 0.000461323 0)
(0.0287562 0.000508231 0)
(0.0290371 0.000546659 -2.3683e-20)
(0.0293512 0.000573172 2.56685e-20)
(0.0296914 0.000583462 -2.49703e-20)
(0.030049 0.00057362 2.15706e-20)
(0.0304104 0.000543778 0)
(0.0307563 0.000496326 2.08683e-20)
(0.0310613 0.000427745 3.038e-22)
(0.0312887 0.000345177 -3.06828e-22)
(0.0277759 6.88117e-05 -1.56201e-20)
(0.0277885 8.28441e-05 0)
(0.0278315 0.00011971 2.00856e-23)
(0.0278971 0.000171542 -2.37337e-20)
(0.0279812 0.000230003 7.86104e-21)
(0.028087 0.000285022 3.1112e-20)
(0.0282258 0.000330021 -3.11381e-20)
(0.0284086 0.000367315 0)
(0.0286378 0.000400043 0)
(0.0289088 0.000427256 2.95436e-20)
(0.0292149 0.000446088 2.67102e-20)
(0.0295482 0.000452781 2.93025e-20)
(0.029901 0.000444165 2.69043e-20)
(0.0302603 0.000421701 0)
(0.0306059 0.000388899 -2.56769e-20)
(0.0309116 0.000341723 0)
(0.0311148 0.000283782 0)
(0.0274889 7.21784e-05 -4.85723e-21)
(0.0275015 6.98287e-05 9.99997e-21)
(0.0275471 9.52452e-05 2.52837e-20)
(0.0276118 0.00013913 2.50721e-20)
(0.0276863 0.00019054 -1.96828e-20)
(0.0277741 0.000235669 -6.30933e-20)
(0.0278948 0.000266613 1.94724e-20)
(0.0280687 0.000289139 0)
(0.0282997 0.000309357 1.94266e-20)
(0.0285789 0.000327132 0)
(0.0288952 0.000339809 3.65905e-20)
(0.0292385 0.000343948 -3.55882e-20)
(0.0296009 0.000337063 -5.31572e-22)
(0.0299681 0.000321816 5.42965e-22)
(0.0303176 0.000302838 1.62231e-20)
(0.03062 0.000276338 0)
(0.0307906 0.000242719 7.25737e-21)
(0.026926 7.71923e-05 -6.07988e-21)
(0.0269336 5.74358e-05 6.37672e-21)
(0.0269891 7.23784e-05 -1.63797e-20)
(0.0270622 0.000111114 2.32515e-23)
(0.027131 0.000158954 3.13896e-20)
(0.0271984 0.000196179 2.14247e-20)
(0.0273022 0.000213061 2.46913e-20)
(0.0274803 0.000220582 2.53924e-20)
(0.0277357 0.000229419 -2.42528e-20)
(0.0280439 0.00023993 -1.63071e-21)
(0.0283857 0.000248513 -4.90021e-20)
(0.0287485 0.000251938 4.83189e-20)
(0.0291252 0.000248789 0)
(0.0294999 0.000242906 0)
(0.0298494 0.000238598 -1.67524e-22)
(0.0301355 0.000231377 8.0554e-23)
(0.0302581 0.000224201 7.68375e-23)
(0.0259836 8.63471e-05 3.86408e-21)
(0.0259912 4.33458e-05 -2.09563e-20)
(0.0260807 4.75057e-05 0)
(0.026182 8.54001e-05 0)
(0.0262505 0.000135135 0)
(0.0262871 0.000165687 0)
(0.0263761 0.00016515 -2.01084e-21)
(0.0265795 0.000154683 -3.27427e-20)
(0.0268848 0.000155287 0)
(0.027211 0.000163733 3.86172e-20)
(0.0275486 0.000170763 -4.0045e-20)
(0.0278891 0.000173096 6.49475e-22)
(0.028237 0.000169311 1.22346e-21)
(0.0285957 0.000165943 -3.13584e-22)
(0.0289705 0.000179388 -8.48181e-21)
(0.0292634 0.000201776 -1.8247e-21)
(0.0293327 0.000233894 -1.26966e-20)
(0.0243984 0.000104738 1.02895e-20)
(0.0244581 2.73019e-05 1.47747e-20)
(0.0246072 1.64274e-05 -2.23584e-23)
(0.0247417 5.01125e-05 -3.33128e-21)
(0.0248346 0.000110137 2.72169e-20)
(0.0248243 0.000142075 -2.77451e-21)
(0.0249145 0.000125678 0)
(0.0251261 0.000104216 0)
(0.0253738 9.4233e-05 -3.02857e-20)
(0.025578 9.19472e-05 -6.14339e-20)
(0.0257437 9.46364e-05 6.16805e-20)
(0.0258655 9.47596e-05 9.45577e-22)
(0.0259748 9.12703e-05 -9.86143e-22)
(0.0261758 9.11641e-05 0)
(0.0266399 0.000112707 1.36378e-20)
(0.0272011 0.000155401 2.96891e-21)
(0.0274237 0.000243003 9.6947e-21)
(0.0216241 0.000118675 -7.59198e-21)
(0.0217637 2.98988e-05 6.98341e-21)
(0.0217986 3.38059e-06 -1.33032e-20)
(0.0218125 1.98518e-05 0)
(0.0219663 6.5847e-05 -5.9407e-20)
(0.0220783 0.000102004 0)
(0.0221969 9.28663e-05 2.29115e-21)
(0.0222106 6.07085e-05 -2.69695e-21)
(0.0219889 4.33239e-05 6.97746e-20)
(0.0218198 4.68414e-05 0)
(0.0216832 5.25166e-05 0)
(0.0215644 5.4865e-05 -6.90955e-22)
(0.0214689 5.04112e-05 7.09964e-22)
(0.0214221 3.96882e-05 0)
(0.0215041 5.00529e-05 1.63274e-22)
(0.0221938 0.000102753 -1.48949e-22)
(0.0229734 0.000229899 -1.60161e-20)
(0.0165529 8.74989e-05 1.32539e-20)
(0.016549 4.43991e-06 -4.00368e-21)
(0.0161839 -1.38347e-05 2.56345e-20)
(0.0158856 9.54268e-07 -4.32934e-21)
(0.0158127 3.72814e-05 3.38082e-20)
(0.0163283 5.95356e-05 0)
(0.0164606 4.18908e-05 0)
(0.0162274 2.99498e-05 0)
(0.0160668 3.27471e-05 -3.46088e-20)
(0.0159389 3.39114e-05 1.0479e-21)
(0.0158257 3.31259e-05 3.2306e-20)
(0.0157123 3.01393e-05 0)
(0.0155975 2.41174e-05 0)
(0.015492 1.57342e-05 1.46772e-20)
(0.01544 1.69843e-05 0)
(0.015785 4.33787e-05 0)
(0.0164161 0.000168984 -5.82907e-21)
(0.00922186 2.6966e-05 -6.06911e-21)
(0.00919025 -1.10877e-06 0)
(0.00918046 3.84965e-06 -1.92004e-20)
(0.00909743 5.32582e-06 0)
(0.00900386 7.09345e-06 0)
(0.00908251 1.20863e-05 1.55016e-21)
(0.00922499 1.73136e-05 -1.93243e-23)
(0.00932442 1.81388e-05 -2.97087e-21)
(0.00938163 1.56715e-05 1.45393e-21)
(0.00939208 1.26927e-05 1.10492e-20)
(0.00937055 1.09592e-05 -2.11397e-20)
(0.00932035 9.14079e-06 0)
(0.00924335 6.47709e-06 -2.90401e-22)
(0.00914779 3.02347e-06 -2.67026e-20)
(0.0090521 3.2805e-06 -6.50671e-23)
(0.0092315 1.47704e-05 6.40056e-23)
(0.00972226 8.93651e-05 7.06983e-21)
(0.00282004 1.68486e-07 5.97152e-21)
(0.00291807 1.07813e-07 -1.48584e-21)
(0.00297036 2.68951e-06 7.34075e-21)
(0.00295799 2.47345e-06 0)
(0.00291681 1.75504e-06 0)
(0.00292288 2.37231e-06 0)
(0.00299206 4.18223e-06 1.30949e-21)
(0.00307644 4.77083e-06 -1.27371e-21)
(0.00313244 4.25745e-06 0)
(0.00315503 3.60263e-06 -9.03951e-21)
(0.0031597 3.10483e-06 -1.69447e-20)
(0.00314892 2.40986e-06 0)
(0.00311876 1.54549e-06 0)
(0.00307035 6.78629e-07 6.73079e-21)
(0.00300776 3.51795e-07 0)
(0.00305317 2.12269e-06 0)
(0.00320758 2.03067e-05 0)
)
;

boundaryField
{
    topWall
    {
        type            fixedValue;
        value           uniform (0 0 0);
    }
    bottomWall
    {
        type            fixedValue;
        value           uniform (0 0 0);
    }
    inlet
    {
        type            cyclic;
    }
    outlet
    {
        type            cyclic;
    }
    defaultFaces
    {
        type            empty;
    }
}


// ************************************************************************* //
